n=8/nm=5/n[ 0.05 0.05 0.05 0.86 0.86 0.86 0.86 0.86 ]
[ 0.05 0.05 0.05 0.86 0.86 0.86 0.86 0.86 ]
[ 0.05 0.05 1.3 2 2 2 0.86 0.86 ]
[ 0.05 0.05 1.3 2 2 2 0.05 0.3 ]
[ 0.05 0.05 1.3 2 2 2 0.05 0.3 ]

[ 0.75 0.75 0.75 0.56 0.56 0.56 0.56 0.56 ]
[ 0.75 0.75 0.75 0.56 0.56 0.56 0.56 0.56 ]
[ 0.75 0.75 0.5 0.43 0.43 0.43 0.56 0.56 ]
[ 0.75 0.75 0.5 0.43 0.43 0.43 0.75 0.67 ]
[ 0.75 0.75 0.5 0.43 0.43 0.43 0.75 0.67 ]

[ 0.2 0.2 0.2 0.2 0.2 0.2 0.2 0.2 ]
[ 0.2 0.2 0.2 0.2 0.2 0.2 0.2 0.2 ]
[ 0.2 0.2 8 1 1 1 0.2 0.2 ]
[ 0.2 0.2 8 1 1 1 0.2 0 ]
[ 0.2 0.2 8 1 1 1 0.2 0 ]

[ 0.75 0.75 0.75 0.56 0.56 0.56 0.56 0.56 ]
[ 0.75 0.75 0.75 0.56 0.56 0.56 0.56 0.56 ]
[ 0.75 0.75 0.5 0.43 0.43 0.43 0.56 0.56 ]
[ 0.75 0.75 0.5 0.43 0.43 0.43 0.75 0.67 ]
[ 0.75 0.75 0.5 0.43 0.43 0.43 0.75 0.67 ]

quotient solution initiale: 9.3
solution initiale admissible
[ 0 0 0 0 0 0 0 0 ]
[ 0 0 0 0 0 0 0 0 ]
[ 0 0 1 0 0 0 0 0 ]
[ 0 0 0 0 0 0 0 0 ]
[ 0 0 0 0 0 0 0 0 ]

Paramètres
Tinit = 1000
phi =0.8
Kmax = 50
r = 50
Itération = 0
Temperature = 1000
Temps de l'éxecution = 0
Meileure solution trouvée jusqu'à présent = 19
Quotient de la meilleure solution trouvee = 2.02611
Itération = 1
Temperature = 800
Temps de l'éxecution = 0
Meileure solution trouvée jusqu'à présent = 19
Quotient de la meilleure solution trouvee = 2.02611
Temps d'éxécution total = 0
[ 0 0 0 0 0 0 0 0 ]
[ 0 1 1 1 0 0 0 1 ]
[ 0 0 1 1 1 1 0 1 ]
[ 0 0 1 1 1 1 1 1 ]
[ 0 0 1 1 1 1 0 0 ]

valeur 19
quotient 2.02611
