n=8/nm=5/n[ 0.054 0.054 0.054 0.054 0.054 0.054 0 0 ]
[ 2 2 0.054 0.054 0.054 0.054 0.054 0.054 ]
[ 2 2 0.054 0.054 0.054 0.054 0.054 0.054 ]
[ 2 2 0.56 0.56 0.054 0.054 0.054 0.054 ]
[ 0.054 0.56 0.56 0.56 0.054 0.054 0.054 0.054 ]

[ 0.72 0.72 0.72 0.72 0.72 0.72 0 0 ]
[ 0.43 0.43 0.72 0.72 0.72 0.72 0.72 0.72 ]
[ 0.43 0.43 0.72 0.72 0.72 0.72 0.72 0.72 ]
[ 0.43 0.43 0.62 0.62 0.72 0.72 0.72 0.72 ]
[ 0.72 0.62 0.62 0.62 0.72 0.72 0.72 0.72 ]

[ 0.2 0.2 0.2 0.2 0.2 0.2 0 0 ]
[ 2 2 0.2 0.2 0.2 0.2 0.2 0.2 ]
[ 2 2 0.2 0.2 0.2 0.2 0.2 0.2 ]
[ 2 2 6 6 0.2 0.2 0.2 0.2 ]
[ 0.2 6 6 6 0.2 0.2 0.2 0.2 ]

[ 0.72 0.72 0.72 0.72 0.72 0.72 0 0 ]
[ 0.43 0.43 0.72 0.72 0.72 0.72 0.72 0.72 ]
[ 0.43 0.43 0.72 0.72 0.72 0.72 0.72 0.72 ]
[ 0.43 0.43 0.62 0.62 0.72 0.72 0.72 0.72 ]
[ 0.72 0.62 0.62 0.62 0.72 0.72 0.72 0.72 ]

quotient solution initiale: 6.56
solution initiale admissible
[ 0 0 0 0 0 0 0 0 ]
[ 0 0 0 0 0 0 0 0 ]
[ 0 0 0 0 0 0 0 0 ]
[ 0 0 0 0 0 0 0 0 ]
[ 0 0 0 1 0 0 0 0 ]

Paramètres
Tinit = 1000
phi =0.8
Kmax = 50
r = 50
Itération = 0
Temperature = 1000
Temps de l'éxecution = 0
Meileure solution trouvée jusqu'à présent = 18
Quotient de la meilleure solution trouvee = 2.05273
Itération = 1
Temperature = 800
Temps de l'éxecution = 0
Meileure solution trouvée jusqu'à présent = 18
Quotient de la meilleure solution trouvee = 2.05273
Temps d'éxécution total = 0
[ 0 1 0 0 0 0 0 0 ]
[ 1 1 1 1 0 0 0 0 ]
[ 1 1 1 1 1 0 0 0 ]
[ 1 1 1 1 0 0 0 0 ]
[ 1 1 1 1 0 0 0 0 ]

valeur 18
quotient 2.05273
