n=8/nm=5/n[ 0.05 0.05 0.3 13.6 13.6 13.6 0.05 0.05 ]
[ 0.05 0.05 0.3 13.6 1.3 1.3 1.3 0.05 ]
[ 0.05 0.05 0.3 13.6 1.3 1.3 1.3 0.05 ]
[ 0.05 0.05 0.05 0.05 1.3 1.3 1.3 0.05 ]
[ 0.05 0.05 0.05 0.05 0.05 0.05 0.05 0.05 ]

[ 0.75 0.75 0.67 0.125 0.125 0.125 0.75 0.75 ]
[ 0.75 0.75 0.67 0.125 0.5 0.5 0.5 0.75 ]
[ 0.75 0.75 0.67 0.125 0.5 0.5 0.5 0.75 ]
[ 0.75 0.75 0.75 0.75 0.5 0.5 0.5 0.75 ]
[ 0.75 0.75 0.75 0.75 0.75 0.75 0.75 0.75 ]

[ 0 0 1 0.2 0.2 0.2 0 0 ]
[ 0 0 1 0.2 2 2 2 0 ]
[ 0 0 1 0.2 2 2 2 0 ]
[ 0 0 0 0 2 2 2 0 ]
[ 0 0 0 0 0 0 0 0 ]

[ 0.75 0.75 0.67 0.125 0.125 0.125 0.75 0.75 ]
[ 0.75 0.75 0.67 0.125 0.5 0.5 0.5 0.75 ]
[ 0.75 0.75 0.67 0.125 0.5 0.5 0.5 0.75 ]
[ 0.75 0.75 0.75 0.75 0.5 0.5 0.5 0.75 ]
[ 0.75 0.75 0.75 0.75 0.75 0.75 0.75 0.75 ]

quotient solution initiale: 13.8
solution initiale admissible
[ 0 0 0 0 0 0 0 0 ]
[ 0 0 0 0 0 0 0 0 ]
[ 0 0 0 1 0 0 0 0 ]
[ 0 0 0 0 0 0 0 0 ]
[ 0 0 0 0 0 0 0 0 ]

Paramètres
Tinit = 1000
phi =0.8
Kmax = 50
r = 50
Itération = 0
Temperature = 1000
Temps de l'éxecution = 0
Meileure solution trouvée jusqu'à présent = 23
Quotient de la meilleure solution trouvee = 2.00884
Itération = 1
Temperature = 800
Temps de l'éxecution = 0
Meileure solution trouvée jusqu'à présent = 23
Quotient de la meilleure solution trouvee = 2.00884
Temps d'éxécution total = 0
[ 0 0 1 1 1 1 0 0 ]
[ 0 0 1 1 1 1 1 0 ]
[ 0 0 1 1 1 1 1 1 ]
[ 0 0 0 1 1 1 1 0 ]
[ 0 0 0 1 1 1 1 0 ]

valeur 23
quotient 2.00884
