n=10/nm=12/n[ 0.3 0.3 0.3 0.3 0.3 0.3 0.3 0 0 0 ]
[ 0.3 0.3 0.3 0.3 0.3 2 2 2 2 2 ]
[ 0.3 0.3 0.3 0.3 0.3 2 2 2 2 2 ]
[ 0.3 0.3 0.3 0.3 0.3 2 2 2 2 2 ]
[ 0.3 0.3 0.3 0.3 0.3 2 2 2 2 2 ]
[ 2 3 3 3 3 3 2 2 2 2 ]
[ 2 3 3 3 3 3 2 2 2 2 ]
[ 2 3 3 3 3 13.6 13.6 13.6 2 2 ]
[ 2 2 2 2 2 13.6 13.6 13.6 2 2 ]
[ 2 2 2 2 2 13.6 13.6 13.6 2 2 ]
[ 2 2 2 2 2 2 2 2 2 2 ]
[ 2 2 2 2 2 2 2 2 2 2 ]

[ 0.67 0.67 0.67 0.67 0.67 0.67 0.67 0 0 0 ]
[ 0.67 0.67 0.67 0.67 0.67 0.43 0.43 0.43 0.43 0.43 ]
[ 0.67 0.67 0.67 0.67 0.67 0.43 0.43 0.43 0.43 0.43 ]
[ 0.67 0.67 0.67 0.67 0.67 0.43 0.43 0.43 0.43 0.43 ]
[ 0.67 0.67 0.67 0.67 0.67 0.43 0.43 0.43 0.43 0.43 ]
[ 0.43 0.365 0.365 0.365 0.365 0.365 0.43 0.43 0.43 0.43 ]
[ 0.43 0.365 0.365 0.365 0.365 0.365 0.43 0.43 0.43 0.43 ]
[ 0.43 0.365 0.365 0.365 0.365 0.125 0.125 0.125 0.43 0.43 ]
[ 0.43 0.43 0.43 0.43 0.43 0.125 0.125 0.125 0.43 0.43 ]
[ 0.43 0.43 0.43 0.43 0.43 0.125 0.125 0.125 0.43 0.43 ]
[ 0.43 0.43 0.43 0.43 0.43 0.43 0.43 0.43 0.43 0.43 ]
[ 0.43 0.43 0.43 0.43 0.43 0.43 0.43 0.43 0.43 0.43 ]

[ 1 1 1 1 1 0 0 0 0 0 ]
[ 1 1 1 1 1 0 0 0 0 0 ]
[ 1 1 1 1 1 0 0 0 0 0 ]
[ 1 1 1 1 1 0 0 0 0 0 ]
[ 1 1 1 1 1 0 0 0 0 0 ]
[ 0 0 0 0 0 0 0 0 0 0 ]
[ 0 0 0 0 0 0 0 0 0 0 ]
[ 0 0 0 0 0 1 1 1 0 0 ]
[ 0 0 0 0 0 1 1 1 0 0 ]
[ 0 0 0 0 0 1 1 1 0 0 ]
[ 0 0 0 0 0 0 0 0 0 0 ]
[ 0 0 0 0 0 0 0 0 0 0 ]

[ 0.67 0.67 0.67 0.67 0.67 0.67 0.67 0 0 0 ]
[ 0.67 0.67 0.67 0.67 0.67 0.43 0.43 0.43 0.43 0.43 ]
[ 0.67 0.67 0.67 0.67 0.67 0.43 0.43 0.43 0.43 0.43 ]
[ 0.67 0.67 0.67 0.67 0.67 0.43 0.43 0.43 0.43 0.43 ]
[ 0.67 0.67 0.67 0.67 0.67 0.43 0.43 0.43 0.43 0.43 ]
[ 0.43 0.365 0.365 0.365 0.365 0.365 0.43 0.43 0.43 0.43 ]
[ 0.43 0.365 0.365 0.365 0.365 0.365 0.43 0.43 0.43 0.43 ]
[ 0.43 0.365 0.365 0.365 0.365 0.125 0.125 0.125 0.43 0.43 ]
[ 0.43 0.43 0.43 0.43 0.43 0.125 0.125 0.125 0.43 0.43 ]
[ 0.43 0.43 0.43 0.43 0.43 0.125 0.125 0.125 0.43 0.43 ]
[ 0.43 0.43 0.43 0.43 0.43 0.43 0.43 0.43 0.43 0.43 ]
[ 0.43 0.43 0.43 0.43 0.43 0.43 0.43 0.43 0.43 0.43 ]

quotient solution initiale: 14.6
solution initiale admissible
[ 0 0 0 0 0 0 0 0 0 0 ]
[ 0 0 0 0 0 0 0 0 0 0 ]
[ 0 0 0 0 0 0 0 0 0 0 ]
[ 0 0 0 0 0 0 0 0 0 0 ]
[ 0 0 0 0 0 0 0 0 0 0 ]
[ 0 0 0 0 0 0 0 0 0 0 ]
[ 0 0 0 0 0 0 0 0 0 0 ]
[ 0 0 0 0 0 1 0 0 0 0 ]
[ 0 0 0 0 0 0 0 0 0 0 ]
[ 0 0 0 0 0 0 0 0 0 0 ]
[ 0 0 0 0 0 0 0 0 0 0 ]
[ 0 0 0 0 0 0 0 0 0 0 ]

Paramètres
Tinit = 1000
phi =0.8
Kmax = 50
r = 50
Itération = 0
Temperature = 1000
Temps de l'éxecution = 1
Meileure solution trouvée jusqu'à présent = 91
Quotient de la meilleure solution trouvee = 2.55262
Itération = 1
Temperature = 800
Temps de l'éxecution = 1
Meileure solution trouvée jusqu'à présent = 91
Quotient de la meilleure solution trouvee = 2.55262
Temps d'éxécution total = 2
[ 0 0 0 0 0 0 0 0 0 0 ]
[ 0 0 0 0 0 1 1 1 1 1 ]
[ 0 0 0 0 0 1 1 1 1 1 ]
[ 0 0 0 0 0 1 1 1 1 1 ]
[ 0 0 0 0 1 1 1 1 1 1 ]
[ 1 1 1 1 1 1 1 1 1 1 ]
[ 1 1 1 1 1 1 1 1 1 1 ]
[ 1 1 1 1 1 1 1 1 1 1 ]
[ 1 1 1 1 1 1 1 1 1 1 ]
[ 1 1 1 1 1 1 1 1 1 1 ]
[ 1 1 1 1 1 1 1 1 1 1 ]
[ 1 1 1 1 1 1 1 1 1 1 ]

valeur 91
quotient 2.55262
