n=10/nm=12/n[ 0.56 0.56 0.56 0.56 0.56 0.56 0.56 0.56 0.56 0.56 ]
[ 1.3 1.3 1.3 0.56 0.56 0.56 0.56 0.56 0.56 0.56 ]
[ 1.3 1.3 1.3 0.56 0.56 0.56 13.6 13.6 13.6 0.56 ]
[ 1.3 1.3 1.3 0.56 0.56 0.56 13.6 13.6 13.6 0.56 ]
[ 1.3 1.3 1.3 0.56 0.56 0.56 13.6 3 3 3 ]
[ 1.3 1.3 1.3 0.56 0.56 0.56 13.6 3 3 3 ]
[ 0.56 0.56 0.56 0.56 0.56 0.56 13.6 3 3 3 ]
[ 0.56 0.56 0.56 0.56 0.56 0.56 0.56 3 3 3 ]
[ 0.56 0.56 0.56 0.56 0.56 0.56 0.56 3 3 3 ]
[ 0.56 0.56 0.56 0.56 0.56 0.56 0.56 0.56 0.56 0.56 ]
[ 0.56 0.56 0.56 0.56 0.56 0.56 0.56 0.56 0.56 0.56 ]
[ 0 0 0.56 0.56 0.56 0.56 0.56 0.56 0.56 0.56 ]

[ 0.62 0.62 0.62 0.62 0.62 0.62 0.62 0.62 0.62 0.62 ]
[ 0.5 0.5 0.5 0.62 0.62 0.62 0.62 0.62 0.62 0.62 ]
[ 0.5 0.5 0.5 0.62 0.62 0.62 0.125 0.125 0.125 0.62 ]
[ 0.5 0.5 0.5 0.62 0.62 0.62 0.125 0.125 0.125 0.62 ]
[ 0.5 0.5 0.5 0.62 0.62 0.62 0.125 0.365 0.365 0.365 ]
[ 0.5 0.5 0.5 0.62 0.62 0.62 0.125 0.365 0.365 0.365 ]
[ 0.62 0.62 0.62 0.62 0.62 0.62 0.125 0.365 0.365 0.365 ]
[ 0.62 0.62 0.62 0.62 0.62 0.62 0.62 0.365 0.365 0.365 ]
[ 0.62 0.62 0.62 0.62 0.62 0.62 0.62 0.365 0.365 0.365 ]
[ 0.62 0.62 0.62 0.62 0.62 0.62 0.62 0.62 0.62 0.62 ]
[ 0.62 0.62 0.62 0.62 0.62 0.62 0.62 0.62 0.62 0.62 ]
[ 0 0 0.62 0.62 0.62 0.62 0.62 0.62 0.62 0.62 ]

[ 0 0 0 0 0 0 0 0 0.2 0.2 ]
[ 0.2 0.2 0.2 0 0 0 0 0 0.2 0.2 ]
[ 0.2 0.2 0.2 0 0 0 8 8 8 0.2 ]
[ 0.2 0.2 0.2 0 0 0 8 8 8 0.2 ]
[ 0.2 0.2 0.2 0 0 0 8 0.2 0.2 0.2 ]
[ 0.2 0.2 0.2 0 0 0 8 0.2 0.2 0.2 ]
[ 0 0 0 0 0 0 8 0.2 0.2 0.2 ]
[ 0 0 0 0 0 0 0 0.2 0.2 0.2 ]
[ 0 0 0 0 0 0 0 0.2 0.2 0.2 ]
[ 0 0 0 0 0 0 0 0 0.2 0.2 ]
[ 0 0 0 0 0 0 0 0 0 0 ]
[ 0 0 0 0 0 0 0 0 0 0 ]

[ 0.62 0.62 0.62 0.62 0.62 0.62 0.62 0.62 0.62 0.62 ]
[ 0.5 0.5 0.5 0.62 0.62 0.62 0.62 0.62 0.62 0.62 ]
[ 0.5 0.5 0.5 0.62 0.62 0.62 0.125 0.125 0.125 0.62 ]
[ 0.5 0.5 0.5 0.62 0.62 0.62 0.125 0.125 0.125 0.62 ]
[ 0.5 0.5 0.5 0.62 0.62 0.62 0.125 0.365 0.365 0.365 ]
[ 0.5 0.5 0.5 0.62 0.62 0.62 0.125 0.365 0.365 0.365 ]
[ 0.62 0.62 0.62 0.62 0.62 0.62 0.125 0.365 0.365 0.365 ]
[ 0.62 0.62 0.62 0.62 0.62 0.62 0.62 0.365 0.365 0.365 ]
[ 0.62 0.62 0.62 0.62 0.62 0.62 0.62 0.365 0.365 0.365 ]
[ 0.62 0.62 0.62 0.62 0.62 0.62 0.62 0.62 0.62 0.62 ]
[ 0.62 0.62 0.62 0.62 0.62 0.62 0.62 0.62 0.62 0.62 ]
[ 0 0 0.62 0.62 0.62 0.62 0.62 0.62 0.62 0.62 ]

quotient solution initiale: 21.6
solution initiale admissible
[ 0 0 0 0 0 0 0 0 0 0 ]
[ 0 0 0 0 0 0 0 0 0 0 ]
[ 0 0 0 0 0 0 1 0 0 0 ]
[ 0 0 0 0 0 0 0 0 0 0 ]
[ 0 0 0 0 0 0 0 0 0 0 ]
[ 0 0 0 0 0 0 0 0 0 0 ]
[ 0 0 0 0 0 0 0 0 0 0 ]
[ 0 0 0 0 0 0 0 0 0 0 ]
[ 0 0 0 0 0 0 0 0 0 0 ]
[ 0 0 0 0 0 0 0 0 0 0 ]
[ 0 0 0 0 0 0 0 0 0 0 ]
[ 0 0 0 0 0 0 0 0 0 0 ]

Paramètres
Tinit = 1000
phi =0.8
Kmax = 50
r = 50
Itération = 0
Temperature = 1000
Temps de l'éxecution = 0
Meileure solution trouvée jusqu'à présent = 36
Quotient de la meilleure solution trouvee = 3.14278
Itération = 1
Temperature = 800
Temps de l'éxecution = 0
Meileure solution trouvée jusqu'à présent = 44
Quotient de la meilleure solution trouvee = 2.49647
Itération = 2
Temperature = 640
Temps de l'éxecution = 1
Meileure solution trouvée jusqu'à présent = 51
Quotient de la meilleure solution trouvee = 2.26098
Itération = 3
Temperature = 512
Temps de l'éxecution = 0
Meileure solution trouvée jusqu'à présent = 58
Quotient de la meilleure solution trouvee = 2.01658
Itération = 4
Temperature = 409.6
Temps de l'éxecution = 0
Meileure solution trouvée jusqu'à présent = 58
Quotient de la meilleure solution trouvee = 2.01658
Temps d'éxécution total = 1
[ 0 0 0 0 1 1 0 1 1 1 ]
[ 0 0 1 0 1 0 0 1 1 0 ]
[ 0 1 1 1 1 1 1 1 1 1 ]
[ 0 0 1 1 1 0 1 1 1 0 ]
[ 0 0 1 0 0 0 1 1 1 1 ]
[ 0 0 0 0 1 1 1 1 1 1 ]
[ 0 0 0 0 0 0 1 1 1 1 ]
[ 0 0 0 0 0 1 0 1 1 1 ]
[ 0 0 0 0 0 1 1 1 1 1 ]
[ 0 0 0 0 1 1 0 1 1 1 ]
[ 0 0 0 0 0 1 0 1 1 0 ]
[ 0 0 0 0 0 0 0 0 1 1 ]

valeur 58
quotient 2.01658
