n=10/nm=12/n[ 0.86 0.86 0.86 0.86 0.86 0.86 0.86 0.86 0 0 ]
[ 0.86 0.86 0.86 0.86 0.86 0.86 0.86 0.86 0 0 ]
[ 0.86 0.86 0.86 0.86 0.86 0.86 0.86 0.86 0 0 ]
[ 0.054 0.054 0.054 0.054 0.054 0.054 0.054 0.054 0.054 0.054 ]
[ 2 2 2 0.054 0.054 0.054 0.054 0.054 0.054 0.054 ]
[ 2 2 2 0.054 0.054 0.054 0.054 0.054 0.054 0.054 ]
[ 2 2 2 0.054 0.054 0.054 0.054 0.054 0.054 0.054 ]
[ 0.054 0.054 0.054 0.054 0.054 0.054 0.054 0.054 0.054 0.054 ]
[ 0.054 0.054 0.054 0.054 0.054 0.054 0.054 0.054 0.054 0.054 ]
[ 0.054 0.56 0.56 0.56 0.56 0.56 0.054 0.054 0.054 0.054 ]
[ 0.054 0.56 0.56 0.56 0.56 0.56 0.054 0.054 0.054 0.054 ]
[ 0.054 0.56 0.56 0.56 0.56 0.56 0.054 0.054 0.054 0.054 ]

[ 0.56 0.56 0.56 0.56 0.56 0.56 0.56 0.56 0 0 ]
[ 0.56 0.56 0.56 0.56 0.56 0.56 0.56 0.56 0 0 ]
[ 0.56 0.56 0.56 0.56 0.56 0.56 0.56 0.56 0 0 ]
[ 0.72 0.72 0.72 0.72 0.72 0.72 0.72 0.72 0.72 0.72 ]
[ 0.43 0.43 0.43 0.72 0.72 0.72 0.72 0.72 0.72 0.72 ]
[ 0.43 0.43 0.43 0.72 0.72 0.72 0.72 0.72 0.72 0.72 ]
[ 0.43 0.43 0.43 0.72 0.72 0.72 0.72 0.72 0.72 0.72 ]
[ 0.72 0.72 0.72 0.72 0.72 0.72 0.72 0.72 0.72 0.72 ]
[ 0.72 0.72 0.72 0.72 0.72 0.72 0.72 0.72 0.72 0.72 ]
[ 0.72 0.62 0.62 0.62 0.62 0.62 0.72 0.72 0.72 0.72 ]
[ 0.72 0.62 0.62 0.62 0.62 0.62 0.72 0.72 0.72 0.72 ]
[ 0.72 0.62 0.62 0.62 0.62 0.62 0.72 0.72 0.72 0.72 ]

[ 1 1 1 1 1 1 1 1 0 0 ]
[ 1 1 1 1 1 1 1 1 0 0 ]
[ 1 1 1 1 1 1 1 1 0 0 ]
[ 0.2 0.2 0.2 0.2 0.2 0.2 0.2 0.2 0.2 0.2 ]
[ 2 2 2 0.2 0.2 0.2 0.2 0.2 0.2 0.2 ]
[ 2 2 2 0.2 0.2 0.2 0.2 0.2 0.2 0.2 ]
[ 2 2 2 0.2 0.2 0.2 0.2 0.2 0.2 0.2 ]
[ 0.2 0.2 0.2 0.2 0.2 0.2 0.2 0.2 0.2 0.2 ]
[ 0.2 0.2 0.2 0.2 0.2 0.2 0.2 0.2 0.2 0.2 ]
[ 0.2 6 6 6 6 6 0.2 0.2 0.2 0.2 ]
[ 0.2 6 6 6 6 6 0.2 0.2 0.2 0.2 ]
[ 0.2 6 6 6 6 6 0.2 0.2 0.2 0.2 ]

[ 0.56 0.56 0.56 0.56 0.56 0.56 0.56 0.56 0 0 ]
[ 0.56 0.56 0.56 0.56 0.56 0.56 0.56 0.56 0 0 ]
[ 0.56 0.56 0.56 0.56 0.56 0.56 0.56 0.56 0 0 ]
[ 0.72 0.72 0.72 0.72 0.72 0.72 0.72 0.72 0.72 0.72 ]
[ 0.43 0.43 0.43 0.72 0.72 0.72 0.72 0.72 0.72 0.72 ]
[ 0.43 0.43 0.43 0.72 0.72 0.72 0.72 0.72 0.72 0.72 ]
[ 0.43 0.43 0.43 0.72 0.72 0.72 0.72 0.72 0.72 0.72 ]
[ 0.72 0.72 0.72 0.72 0.72 0.72 0.72 0.72 0.72 0.72 ]
[ 0.72 0.72 0.72 0.72 0.72 0.72 0.72 0.72 0.72 0.72 ]
[ 0.72 0.62 0.62 0.62 0.62 0.62 0.72 0.72 0.72 0.72 ]
[ 0.72 0.62 0.62 0.62 0.62 0.62 0.72 0.72 0.72 0.72 ]
[ 0.72 0.62 0.62 0.62 0.62 0.62 0.72 0.72 0.72 0.72 ]

quotient solution initiale: 6.56
solution initiale admissible
[ 0 0 0 0 0 0 0 0 0 0 ]
[ 0 0 0 0 0 0 0 0 0 0 ]
[ 0 0 0 0 0 0 0 0 0 0 ]
[ 0 0 0 0 0 0 0 0 0 0 ]
[ 0 0 0 0 0 0 0 0 0 0 ]
[ 0 0 0 0 0 0 0 0 0 0 ]
[ 0 0 0 0 0 0 0 0 0 0 ]
[ 0 0 0 0 0 0 0 0 0 0 ]
[ 0 0 0 0 0 0 0 0 0 0 ]
[ 0 0 0 0 0 0 0 0 0 0 ]
[ 0 0 0 0 0 0 0 0 0 0 ]
[ 0 0 0 0 0 1 0 0 0 0 ]

Paramètres
Tinit = 1000
phi =0.8
Kmax = 50
r = 50
Itération = 0
Temperature = 1000
Temps de l'éxecution = 0
Meileure solution trouvée jusqu'à présent = 24
Quotient de la meilleure solution trouvee = 2.32946
Itération = 1
Temperature = 800
Temps de l'éxecution = 1
Meileure solution trouvée jusqu'à présent = 26
Quotient de la meilleure solution trouvee = 2.06718
Itération = 2
Temperature = 640
Temps de l'éxecution = 0
Meileure solution trouvée jusqu'à présent = 26
Quotient de la meilleure solution trouvee = 2.06718
Temps d'éxécution total = 1
[ 0 0 0 0 0 0 0 0 0 0 ]
[ 0 0 0 0 0 0 0 0 0 0 ]
[ 0 0 0 0 0 0 0 0 0 0 ]
[ 0 0 0 0 0 0 0 0 0 0 ]
[ 0 0 0 0 0 0 0 0 0 0 ]
[ 0 0 0 0 0 0 0 0 0 0 ]
[ 0 0 0 0 0 0 0 0 0 0 ]
[ 0 0 0 1 1 0 0 0 0 0 ]
[ 0 0 1 1 0 0 1 1 0 0 ]
[ 1 1 1 1 1 1 1 1 0 0 ]
[ 0 1 1 1 1 1 1 0 0 0 ]
[ 1 1 1 1 1 1 0 0 0 0 ]

valeur 26
quotient 2.06718
