n=10/nm=12/n[ 0.56 0.56 0.56 0.86 0.86 0.86 0.86 1.3 1.3 1.3 ]
[ 0.56 0.56 0.56 0.86 0.86 0.86 0.86 1.3 1.3 1.3 ]
[ 0.56 0.56 0.56 0.56 0.56 0.56 0.56 0.56 1.3 1.3 ]
[ 0.56 0.56 0.56 0.56 0.56 0.56 0.56 0.56 1.3 1.3 ]
[ 0.56 0.56 0.56 0.56 0.56 0.56 0.56 0.56 1.3 1.3 ]
[ 0.56 0.56 0.56 0.86 0.86 0.86 0.86 0.86 0.86 0.86 ]
[ 0.054 0.054 0.054 0.054 0.054 0.054 0.054 0.86 0.86 0.86 ]
[ 0.054 0.054 0.054 0.054 0.054 0.054 0.054 0.86 0.86 0.86 ]
[ 0.054 0.054 0.054 0.054 0.054 0.054 0.054 0.86 0.86 0.86 ]
[ 0.054 0.054 0.054 0.054 0.054 0.054 0.054 0.86 0.86 0.86 ]
[ 4.3 4.3 4.3 4.3 4.3 0.054 0.054 0.56 0.56 0.56 ]
[ 4.3 4.3 4.3 4.3 4.3 0.054 0.054 0 0 0 ]

[ 0.62 0.62 0.62 0.56 0.56 0.56 0.56 0.5 0.5 0.5 ]
[ 0.62 0.62 0.62 0.56 0.56 0.56 0.56 0.5 0.5 0.5 ]
[ 0.62 0.62 0.62 0.62 0.62 0.62 0.62 0.62 0.5 0.5 ]
[ 0.62 0.62 0.62 0.62 0.62 0.62 0.62 0.62 0.5 0.5 ]
[ 0.62 0.62 0.62 0.62 0.62 0.62 0.62 0.62 0.5 0.5 ]
[ 0.62 0.62 0.62 0.56 0.56 0.56 0.56 0.56 0.56 0.56 ]
[ 0.72 0.72 0.72 0.72 0.72 0.72 0.72 0.56 0.56 0.56 ]
[ 0.72 0.72 0.72 0.72 0.72 0.72 0.72 0.56 0.56 0.56 ]
[ 0.72 0.72 0.72 0.72 0.72 0.72 0.72 0.56 0.56 0.56 ]
[ 0.72 0.72 0.72 0.72 0.72 0.72 0.72 0.56 0.56 0.56 ]
[ 0.3 0.3 0.3 0.3 0.3 0.72 0.72 0.62 0.62 0.62 ]
[ 0.3 0.3 0.3 0.3 0.3 0.72 0.72 0 0 0 ]

[ 0.2 0.2 0.2 0.2 0.2 0.2 0.2 1 1 1 ]
[ 0.2 0.2 0.2 0.2 0.2 0.2 0.2 1 1 1 ]
[ 0.2 0.2 0.2 1 1 1 1 1 1 1 ]
[ 0.2 0.2 0.2 1 1 1 1 1 1 1 ]
[ 0.2 0.2 0.2 1 1 1 1 1 1 1 ]
[ 0.2 0.2 0.2 0.2 0.2 0.2 0.2 0.2 0.2 0.2 ]
[ 0.2 0.2 0.2 0.2 0.2 0.2 0.2 0.2 0.2 0.2 ]
[ 0.2 0.2 0.2 0.2 0.2 0.2 0.2 0.2 0.2 0.2 ]
[ 0.2 0.2 0.2 0.2 0.2 0.2 0.2 0.2 0.2 0.2 ]
[ 0.2 0.2 0.2 0.2 0.2 0.2 0.2 0.2 0.2 0.2 ]
[ 2 2 2 2 2 0.2 0.2 0.2 0.2 0.2 ]
[ 2 2 2 2 2 0.2 0.2 0 0 0 ]

[ 0.62 0.62 0.62 0.56 0.56 0.56 0.56 0.5 0.5 0.5 ]
[ 0.62 0.62 0.62 0.56 0.56 0.56 0.56 0.5 0.5 0.5 ]
[ 0.62 0.62 0.62 0.62 0.62 0.62 0.62 0.62 0.5 0.5 ]
[ 0.62 0.62 0.62 0.62 0.62 0.62 0.62 0.62 0.5 0.5 ]
[ 0.62 0.62 0.62 0.62 0.62 0.62 0.62 0.62 0.5 0.5 ]
[ 0.62 0.62 0.62 0.56 0.56 0.56 0.56 0.56 0.56 0.56 ]
[ 0.72 0.72 0.72 0.72 0.72 0.72 0.72 0.56 0.56 0.56 ]
[ 0.72 0.72 0.72 0.72 0.72 0.72 0.72 0.56 0.56 0.56 ]
[ 0.72 0.72 0.72 0.72 0.72 0.72 0.72 0.56 0.56 0.56 ]
[ 0.72 0.72 0.72 0.72 0.72 0.72 0.72 0.56 0.56 0.56 ]
[ 0.3 0.3 0.3 0.3 0.3 0.72 0.72 0.62 0.62 0.62 ]
[ 0.3 0.3 0.3 0.3 0.3 0.72 0.72 0 0 0 ]

quotient solution initiale: 6.3
solution initiale admissible
[ 0 0 0 0 0 0 0 0 0 0 ]
[ 0 0 0 0 0 0 0 0 0 0 ]
[ 0 0 0 0 0 0 0 0 0 0 ]
[ 0 0 0 0 0 0 0 0 0 0 ]
[ 0 0 0 0 0 0 0 0 0 0 ]
[ 0 0 0 0 0 0 0 0 0 0 ]
[ 0 0 0 0 0 0 0 0 0 0 ]
[ 0 0 0 0 0 0 0 0 0 0 ]
[ 0 0 0 0 0 0 0 0 0 0 ]
[ 0 0 0 0 0 0 0 0 0 0 ]
[ 1 0 0 0 0 0 0 0 0 0 ]
[ 0 0 0 0 0 0 0 0 0 0 ]

Paramètres
Tinit = 1000
phi =0.8
Kmax = 50
r = 50
Itération = 0
Temperature = 1000
Temps de l'éxecution = 0
Meileure solution trouvée jusqu'à présent = 21
Quotient de la meilleure solution trouvee = 2.04701
Itération = 1
Temperature = 800
Temps de l'éxecution = 0
Meileure solution trouvée jusqu'à présent = 21
Quotient de la meilleure solution trouvee = 2.04701
Temps d'éxécution total = 0
[ 0 0 0 0 0 0 0 0 0 0 ]
[ 0 0 0 0 0 0 0 0 0 0 ]
[ 0 0 0 0 0 0 0 0 0 0 ]
[ 0 0 0 0 0 0 0 0 0 0 ]
[ 0 0 0 0 0 0 0 0 0 0 ]
[ 0 0 0 0 0 0 0 0 0 0 ]
[ 0 0 0 0 0 0 0 0 0 0 ]
[ 0 0 0 1 0 0 0 0 0 0 ]
[ 1 0 1 1 1 0 0 0 0 0 ]
[ 1 1 1 1 1 0 0 0 0 0 ]
[ 1 1 1 1 1 0 0 0 0 0 ]
[ 1 1 1 1 1 1 0 0 0 0 ]

valeur 21
quotient 2.04701
