n=10/nm=12/n[ 0.05 0.05 0.05 0.3 0.3 0.3 0.3 0.3 0.3 0.3 ]
[ 0.05 0.05 0.05 0.3 0.3 0.3 0.3 0.3 0.3 0.3 ]
[ 0.05 0.05 0.05 0.3 0.3 0.3 0.3 13.6 13.6 13.6 ]
[ 0.05 0.05 0.05 5.85 5.85 5.85 5.85 5.85 13.6 13.6 ]
[ 0.05 0.05 0.05 5.85 5.85 5.85 5.85 5.85 13.6 13.6 ]
[ 0.05 0.05 0.05 5.85 5.85 5.85 5.85 5.85 13.6 13.6 ]
[ 0.05 0.05 0.05 0.3 0.3 0.3 0.3 13.6 13.6 13.6 ]
[ 0.05 0.05 0.05 0.3 0.3 0.3 0.3 0.054 0.054 0.054 ]
[ 0.05 0.05 0.05 0.3 0.3 0.3 0.3 0.054 0.054 0.054 ]
[ 0.05 0.05 0.05 0.3 0.3 0.3 0.3 0.054 0.054 0.054 ]
[ 0 0 0.05 0.3 0.3 0.3 0.3 0.054 0.054 0.054 ]
[ 0 0 0.05 0.3 0.3 0.3 0.3 0.054 0.054 0.054 ]

[ 0.75 0.75 0.75 0.67 0.67 0.67 0.67 0.67 0.67 0.67 ]
[ 0.75 0.75 0.75 0.67 0.67 0.67 0.67 0.67 0.67 0.67 ]
[ 0.75 0.75 0.75 0.67 0.67 0.67 0.67 0.125 0.125 0.125 ]
[ 0.75 0.75 0.75 0.235 0.235 0.235 0.235 0.235 0.125 0.125 ]
[ 0.75 0.75 0.75 0.235 0.235 0.235 0.235 0.235 0.125 0.125 ]
[ 0.75 0.75 0.75 0.235 0.235 0.235 0.235 0.235 0.125 0.125 ]
[ 0.75 0.75 0.75 0.67 0.67 0.67 0.67 0.125 0.125 0.125 ]
[ 0.75 0.75 0.75 0.67 0.67 0.67 0.67 0.72 0.72 0.72 ]
[ 0.75 0.75 0.75 0.67 0.67 0.67 0.67 0.72 0.72 0.72 ]
[ 0.75 0.75 0.75 0.67 0.67 0.67 0.67 0.72 0.72 0.72 ]
[ 0 0 0.75 0.67 0.67 0.67 0.67 0.72 0.72 0.72 ]
[ 0 0 0.75 0.67 0.67 0.67 0.67 0.72 0.72 0.72 ]

[ 0 0 0 1 1 1 1 1 1 1 ]
[ 0 0 0 1 1 1 1 1 1 1 ]
[ 0 0 0 1 1 1 1 2 2 2 ]
[ 0 0 0 0.2 0.2 0.2 0.2 0.2 2 2 ]
[ 0 0 0 0.2 0.2 0.2 0.2 0.2 2 2 ]
[ 0 0 0 0.2 0.2 0.2 0.2 0.2 2 2 ]
[ 0 0 0 1 1 1 1 2 2 2 ]
[ 0 0 0 1 1 1 1 0 0 0 ]
[ 0 0 0 1 1 1 1 0 0 0 ]
[ 0 0 0 1 1 1 1 0 0 0 ]
[ 0 0 0 1 1 1 1 0 0 0 ]
[ 0 0 0 1 1 1 1 0 0 0 ]

[ 0.75 0.75 0.75 0.67 0.67 0.67 0.67 0.67 0.67 0.67 ]
[ 0.75 0.75 0.75 0.67 0.67 0.67 0.67 0.67 0.67 0.67 ]
[ 0.75 0.75 0.75 0.67 0.67 0.67 0.67 0.125 0.125 0.125 ]
[ 0.75 0.75 0.75 0.235 0.235 0.235 0.235 0.235 0.125 0.125 ]
[ 0.75 0.75 0.75 0.235 0.235 0.235 0.235 0.235 0.125 0.125 ]
[ 0.75 0.75 0.75 0.235 0.235 0.235 0.235 0.235 0.125 0.125 ]
[ 0.75 0.75 0.75 0.67 0.67 0.67 0.67 0.125 0.125 0.125 ]
[ 0.75 0.75 0.75 0.67 0.67 0.67 0.67 0.72 0.72 0.72 ]
[ 0.75 0.75 0.75 0.67 0.67 0.67 0.67 0.72 0.72 0.72 ]
[ 0.75 0.75 0.75 0.67 0.67 0.67 0.67 0.72 0.72 0.72 ]
[ 0 0 0.75 0.67 0.67 0.67 0.67 0.72 0.72 0.72 ]
[ 0 0 0.75 0.67 0.67 0.67 0.67 0.72 0.72 0.72 ]

quotient solution initiale: 15.6
solution initiale admissible
[ 0 0 0 0 0 0 0 0 0 0 ]
[ 0 0 0 0 0 0 0 0 0 0 ]
[ 0 0 0 0 0 0 0 1 0 0 ]
[ 0 0 0 0 0 0 0 0 0 0 ]
[ 0 0 0 0 0 0 0 0 0 0 ]
[ 0 0 0 0 0 0 0 0 0 0 ]
[ 0 0 0 0 0 0 0 0 0 0 ]
[ 0 0 0 0 0 0 0 0 0 0 ]
[ 0 0 0 0 0 0 0 0 0 0 ]
[ 0 0 0 0 0 0 0 0 0 0 ]
[ 0 0 0 0 0 0 0 0 0 0 ]
[ 0 0 0 0 0 0 0 0 0 0 ]

Paramètres
Tinit = 1000
phi =0.8
Kmax = 50
r = 50
Itération = 0
Temperature = 1000
Temps de l'éxecution = 0
Meileure solution trouvée jusqu'à présent = 33
Quotient de la meilleure solution trouvee = 5.3993
Itération = 1
Temperature = 800
Temps de l'éxecution = 1
Meileure solution trouvée jusqu'à présent = 44
Quotient de la meilleure solution trouvee = 3.32731
Itération = 2
Temperature = 640
Temps de l'éxecution = 0
Meileure solution trouvée jusqu'à présent = 52
Quotient de la meilleure solution trouvee = 2.68566
Itération = 3
Temperature = 512
Temps de l'éxecution = 1
Meileure solution trouvée jusqu'à présent = 55
Quotient de la meilleure solution trouvee = 2.49535
Itération = 4
Temperature = 409.6
Temps de l'éxecution = 0
Meileure solution trouvée jusqu'à présent = 56
Quotient de la meilleure solution trouvee = 2.46195
Itération = 5
Temperature = 327.68
Temps de l'éxecution = 1
Meileure solution trouvée jusqu'à présent = 66
Quotient de la meilleure solution trouvee = 2.00647
Itération = 6
Temperature = 262.144
Temps de l'éxecution = 0
Meileure solution trouvée jusqu'à présent = 66
Quotient de la meilleure solution trouvee = 2.00647
Temps d'éxécution total = 3
[ 0 0 0 0 0 0 0 1 0 1 ]
[ 0 1 1 1 0 0 1 1 0 1 ]
[ 0 1 1 1 1 0 1 1 1 1 ]
[ 0 0 0 1 1 1 1 1 1 1 ]
[ 0 0 1 1 1 1 1 1 1 1 ]
[ 1 1 1 1 1 1 1 1 1 1 ]
[ 0 0 0 0 1 1 1 1 1 1 ]
[ 0 0 0 1 1 1 1 1 0 1 ]
[ 0 0 0 1 1 0 0 1 1 1 ]
[ 0 0 1 1 1 0 0 0 1 1 ]
[ 0 0 0 1 1 0 0 0 0 1 ]
[ 0 0 0 0 0 0 0 0 0 0 ]

valeur 66
quotient 2.00647
