n=10/nm=12/n[ 0.05 0.05 0.05 0.05 0.05 0.05 0.05 0.05 0.05 0 ]
[ 0.05 0.05 0.05 0.05 0.05 0.05 0.05 0.05 0.05 0 ]
[ 0.05 0.05 0.05 0.05 0.05 0.05 0.05 0.05 0.05 0 ]
[ 0.05 0.05 0.86 0.86 0.86 0.05 0.05 0.05 0.05 0 ]
[ 0.05 0.05 0.86 0.86 0.86 0.05 0.05 0.05 0.05 0 ]
[ 0.05 0.05 0.86 0.86 0.86 0.05 0.05 0.05 0.05 0.56 ]
[ 0.56 0.56 0.05 0.05 0.05 0.05 0.05 0.05 0.05 0.56 ]
[ 0.56 0.56 0.05 0.05 0.05 0.05 0.05 0.05 0.05 0.56 ]
[ 0.56 0.56 0.05 0.05 0.05 0.05 0.05 0.05 0.05 0.56 ]
[ 0.56 0.56 0.05 0.05 0.05 0.05 0.05 0.05 0.05 0.56 ]
[ 0.56 0.56 0.3 0.3 0.56 0.56 0.56 0.56 7.7 7.7 ]
[ 0.3 0.3 0.3 0.3 0.56 0.56 0.56 0.56 7.7 7.7 ]

[ 0.75 0.75 0.75 0.75 0.75 0.75 0.75 0.75 0.75 0 ]
[ 0.75 0.75 0.75 0.75 0.75 0.75 0.75 0.75 0.75 0 ]
[ 0.75 0.75 0.75 0.75 0.75 0.75 0.75 0.75 0.75 0 ]
[ 0.75 0.75 0.56 0.56 0.56 0.75 0.75 0.75 0.75 0 ]
[ 0.75 0.75 0.56 0.56 0.56 0.75 0.75 0.75 0.75 0 ]
[ 0.75 0.75 0.56 0.56 0.56 0.75 0.75 0.75 0.75 0.62 ]
[ 0.62 0.62 0.75 0.75 0.75 0.75 0.75 0.75 0.75 0.62 ]
[ 0.62 0.62 0.75 0.75 0.75 0.75 0.75 0.75 0.75 0.62 ]
[ 0.62 0.62 0.75 0.75 0.75 0.75 0.75 0.75 0.75 0.62 ]
[ 0.62 0.62 0.75 0.75 0.75 0.75 0.75 0.75 0.75 0.62 ]
[ 0.62 0.62 0.67 0.67 0.62 0.62 0.62 0.62 0.18 0.18 ]
[ 0.67 0.67 0.67 0.67 0.62 0.62 0.62 0.62 0.18 0.18 ]

[ 0.2 0.2 0.2 0.2 0.2 0.2 0.2 0.2 0.2 0 ]
[ 0.2 0.2 0.2 0.2 0.2 0.2 0.2 0.2 0.2 0 ]
[ 0.2 0.2 0.2 0.2 0.2 0.2 0.2 0.2 0.2 0 ]
[ 0.2 0.2 2 2 2 0.2 0.2 0.2 0.2 0 ]
[ 0.2 0.2 2 2 2 0.2 0.2 0.2 0.2 0 ]
[ 0.2 0.2 2 2 2 0.2 0.2 0.2 0.2 6 ]
[ 0 0 0.2 0.2 0.2 0.2 0.2 0.2 0.2 6 ]
[ 0 0 0.2 0.2 0.2 0.2 0.2 0.2 0.2 6 ]
[ 0 0 0.2 0.2 0.2 0.2 0.2 0.2 0.2 6 ]
[ 0 0 0.2 0.2 0.2 0.2 0.2 0.2 0.2 6 ]
[ 0 0 0 0 6 6 6 6 6 6 ]
[ 0 0 0 0 6 6 6 6 6 6 ]

[ 0.75 0.75 0.75 0.75 0.75 0.75 0.75 0.75 0.75 0 ]
[ 0.75 0.75 0.75 0.75 0.75 0.75 0.75 0.75 0.75 0 ]
[ 0.75 0.75 0.75 0.75 0.75 0.75 0.75 0.75 0.75 0 ]
[ 0.75 0.75 0.56 0.56 0.56 0.75 0.75 0.75 0.75 0 ]
[ 0.75 0.75 0.56 0.56 0.56 0.75 0.75 0.75 0.75 0 ]
[ 0.75 0.75 0.56 0.56 0.56 0.75 0.75 0.75 0.75 0.62 ]
[ 0.62 0.62 0.75 0.75 0.75 0.75 0.75 0.75 0.75 0.62 ]
[ 0.62 0.62 0.75 0.75 0.75 0.75 0.75 0.75 0.75 0.62 ]
[ 0.62 0.62 0.75 0.75 0.75 0.75 0.75 0.75 0.75 0.62 ]
[ 0.62 0.62 0.75 0.75 0.75 0.75 0.75 0.75 0.75 0.62 ]
[ 0.62 0.62 0.67 0.67 0.62 0.62 0.62 0.62 0.18 0.18 ]
[ 0.67 0.67 0.67 0.67 0.62 0.62 0.62 0.62 0.18 0.18 ]

quotient solution initiale: 13.7
solution initiale admissible
[ 0 0 0 0 0 0 0 0 0 0 ]
[ 0 0 0 0 0 0 0 0 0 0 ]
[ 0 0 0 0 0 0 0 0 0 0 ]
[ 0 0 0 0 0 0 0 0 0 0 ]
[ 0 0 0 0 0 0 0 0 0 0 ]
[ 0 0 0 0 0 0 0 0 0 0 ]
[ 0 0 0 0 0 0 0 0 0 0 ]
[ 0 0 0 0 0 0 0 0 0 0 ]
[ 0 0 0 0 0 0 0 0 0 0 ]
[ 0 0 0 0 0 0 0 0 0 0 ]
[ 0 0 0 0 0 0 0 0 1 0 ]
[ 0 0 0 0 0 0 0 0 0 0 ]

Paramètres
Tinit = 1000
phi =0.8
Kmax = 50
r = 50
Itération = 0
Temperature = 1000
Temps de l'éxecution = 1
Meileure solution trouvée jusqu'à présent = 31
Quotient de la meilleure solution trouvee = 2.1292
Itération = 1
Temperature = 800
Temps de l'éxecution = 0
Meileure solution trouvée jusqu'à présent = 32
Quotient de la meilleure solution trouvee = 2.04124
Itération = 2
Temperature = 640
Temps de l'éxecution = 0
Meileure solution trouvée jusqu'à présent = 32
Quotient de la meilleure solution trouvee = 2.04124
Temps d'éxécution total = 1
[ 0 0 0 0 0 0 0 0 0 0 ]
[ 0 0 0 0 0 0 0 0 0 0 ]
[ 0 0 0 0 0 0 0 0 0 0 ]
[ 0 0 0 0 0 0 0 0 0 0 ]
[ 0 0 0 0 0 0 0 0 0 0 ]
[ 0 0 0 0 0 0 0 0 1 1 ]
[ 0 0 0 0 0 0 0 0 1 1 ]
[ 0 0 0 0 1 0 0 1 1 1 ]
[ 0 0 0 0 1 1 1 1 1 1 ]
[ 0 0 0 1 1 0 1 0 0 1 ]
[ 0 0 0 1 1 1 1 1 1 1 ]
[ 0 0 0 1 1 1 1 1 1 1 ]

valeur 32
quotient 2.04124
