n=17/nm=15/n[ 0.3 0.3 0.3 0.3 0.3 0.3 0.3 0.3 0.3 0.3 0.3 0 0 0 0 0 0 ]
[ 2 0.3 0.3 0.3 0.3 0.3 0.3 0.3 2 2 2 2 2 2 2 2 2 ]
[ 2 0.3 0.3 0.3 0.3 0.3 0.3 0.3 2 2 2 2 2 2 2 2 2 ]
[ 2 0.3 0.3 0.3 0.3 0.3 0.3 0.3 2 2 2 2 2 2 2 2 2 ]
[ 2 0.3 0.3 0.3 0.3 0.3 0.3 0.3 2 2 2 2 2 2 2 2 2 ]
[ 2 0.3 0.3 0.3 0.3 0.3 0.3 0.3 2 2 2 2 2 2 2 2 2 ]
[ 2 2 2 2 2 2 2 2 2 2 2 2 2 2 2 2 2 ]
[ 2 2 2 3 3 3 3 3 3 3 2 2 2 2 2 2 2 ]
[ 2 2 2 3 3 3 3 3 3 3 2 2 2 2 2 2 2 ]
[ 2 2 2 3 3 3 3 3 3 3 2 2 2 2 2 2 2 ]
[ 2 2 2 2 2 2 2 2 13.6 13.6 13.6 13.6 13.6 2 2 2 2 ]
[ 2 2 2 2 2 2 2 2 13.6 13.6 13.6 13.6 13.6 2 2 2 2 ]
[ 2 2 2 2 2 2 2 2 13.6 13.6 13.6 13.6 13.6 2 2 2 2 ]
[ 2 2 2 2 2 2 2 2 2 2 2 2 2 2 2 2 2 ]
[ 2 2 2 2 2 2 2 2 2 2 2 2 2 2 2 2 2 ]

[ 0.67 0.67 0.67 0.67 0.67 0.67 0.67 0.67 0.67 0.67 0.67 0 0 0 0 0 0 ]
[ 0.43 0.67 0.67 0.67 0.67 0.67 0.67 0.67 0.43 0.43 0.43 0.43 0.43 0.43 0.43 0.43 0.43 ]
[ 0.43 0.67 0.67 0.67 0.67 0.67 0.67 0.67 0.43 0.43 0.43 0.43 0.43 0.43 0.43 0.43 0.43 ]
[ 0.43 0.67 0.67 0.67 0.67 0.67 0.67 0.67 0.43 0.43 0.43 0.43 0.43 0.43 0.43 0.43 0.43 ]
[ 0.43 0.67 0.67 0.67 0.67 0.67 0.67 0.67 0.43 0.43 0.43 0.43 0.43 0.43 0.43 0.43 0.43 ]
[ 0.43 0.67 0.67 0.67 0.67 0.67 0.67 0.67 0.43 0.43 0.43 0.43 0.43 0.43 0.43 0.43 0.43 ]
[ 0.43 0.43 0.43 0.43 0.43 0.43 0.43 0.43 0.43 0.43 0.43 0.43 0.43 0.43 0.43 0.43 0.43 ]
[ 0.43 0.43 0.43 0.365 0.365 0.365 0.365 0.365 0.365 0.365 0.43 0.43 0.43 0.43 0.43 0.43 0.43 ]
[ 0.43 0.43 0.43 0.365 0.365 0.365 0.365 0.365 0.365 0.365 0.43 0.43 0.43 0.43 0.43 0.43 0.43 ]
[ 0.43 0.43 0.43 0.365 0.365 0.365 0.365 0.365 0.365 0.365 0.43 0.43 0.43 0.43 0.43 0.43 0.43 ]
[ 0.43 0.43 0.43 0.43 0.43 0.43 0.43 0.43 0.125 0.125 0.125 0.125 0.125 0.43 0.43 0.43 0.43 ]
[ 0.43 0.43 0.43 0.43 0.43 0.43 0.43 0.43 0.125 0.125 0.125 0.125 0.125 0.43 0.43 0.43 0.43 ]
[ 0.43 0.43 0.43 0.43 0.43 0.43 0.43 0.43 0.125 0.125 0.125 0.125 0.125 0.43 0.43 0.43 0.43 ]
[ 0.43 0.43 0.43 0.43 0.43 0.43 0.43 0.43 0.43 0.43 0.43 0.43 0.43 0.43 0.43 0.43 0.43 ]
[ 0.43 0.43 0.43 0.43 0.43 0.43 0.43 0.43 0.43 0.43 0.43 0.43 0.43 0.43 0.43 0.43 0.43 ]

[ 0 0 0 0 0 0 0 0 0 0 0 0 0 0 0 0 0 ]
[ 0 1 1 1 1 1 1 1 0 0 0 0 0 0 0 0 0 ]
[ 0 1 1 1 1 1 1 1 0 0 0 0 0 0 0 0 0 ]
[ 0 1 1 1 1 1 1 1 0 0 0 0 0 0 0 0 0 ]
[ 0 1 1 1 1 1 1 1 0 0 0 0 0 0 0 0 0 ]
[ 0 1 1 1 1 1 1 1 0 0 0 0 0 0 0 0 0 ]
[ 0 0 0 0 0 0 0 0 0 0 0 0 0 0 0 0 0 ]
[ 0 0 0 0 0 0 0 0 0 0 0 0 0 0 0 0 0 ]
[ 0 0 0 0 0 0 0 0 0 0 0 0 0 0 0 0 0 ]
[ 0 0 0 0 0 0 0 0 0 0 0 0 0 0 0 0 0 ]
[ 0 0 0 0 0 0 0 0 1 1 1 1 1 0 0 0 0 ]
[ 0 0 0 0 0 0 0 0 1 1 1 1 1 0 0 0 0 ]
[ 0 0 0 0 0 0 0 0 1 1 1 1 1 0 0 0 0 ]
[ 0 0 0 0 0 0 0 0 0 0 0 0 0 0 0 0 0 ]
[ 0 0 0 0 0 0 0 0 0 0 0 0 0 0 0 0 0 ]

[ 0.67 0.67 0.67 0.67 0.67 0.67 0.67 0.67 0.67 0.67 0.67 0 0 0 0 0 0 ]
[ 0.43 0.67 0.67 0.67 0.67 0.67 0.67 0.67 0.43 0.43 0.43 0.43 0.43 0.43 0.43 0.43 0.43 ]
[ 0.43 0.67 0.67 0.67 0.67 0.67 0.67 0.67 0.43 0.43 0.43 0.43 0.43 0.43 0.43 0.43 0.43 ]
[ 0.43 0.67 0.67 0.67 0.67 0.67 0.67 0.67 0.43 0.43 0.43 0.43 0.43 0.43 0.43 0.43 0.43 ]
[ 0.43 0.67 0.67 0.67 0.67 0.67 0.67 0.67 0.43 0.43 0.43 0.43 0.43 0.43 0.43 0.43 0.43 ]
[ 0.43 0.67 0.67 0.67 0.67 0.67 0.67 0.67 0.43 0.43 0.43 0.43 0.43 0.43 0.43 0.43 0.43 ]
[ 0.43 0.43 0.43 0.43 0.43 0.43 0.43 0.43 0.43 0.43 0.43 0.43 0.43 0.43 0.43 0.43 0.43 ]
[ 0.43 0.43 0.43 0.365 0.365 0.365 0.365 0.365 0.365 0.365 0.43 0.43 0.43 0.43 0.43 0.43 0.43 ]
[ 0.43 0.43 0.43 0.365 0.365 0.365 0.365 0.365 0.365 0.365 0.43 0.43 0.43 0.43 0.43 0.43 0.43 ]
[ 0.43 0.43 0.43 0.365 0.365 0.365 0.365 0.365 0.365 0.365 0.43 0.43 0.43 0.43 0.43 0.43 0.43 ]
[ 0.43 0.43 0.43 0.43 0.43 0.43 0.43 0.43 0.125 0.125 0.125 0.125 0.125 0.43 0.43 0.43 0.43 ]
[ 0.43 0.43 0.43 0.43 0.43 0.43 0.43 0.43 0.125 0.125 0.125 0.125 0.125 0.43 0.43 0.43 0.43 ]
[ 0.43 0.43 0.43 0.43 0.43 0.43 0.43 0.43 0.125 0.125 0.125 0.125 0.125 0.43 0.43 0.43 0.43 ]
[ 0.43 0.43 0.43 0.43 0.43 0.43 0.43 0.43 0.43 0.43 0.43 0.43 0.43 0.43 0.43 0.43 0.43 ]
[ 0.43 0.43 0.43 0.43 0.43 0.43 0.43 0.43 0.43 0.43 0.43 0.43 0.43 0.43 0.43 0.43 0.43 ]

quotient solution initiale: 14.6
solution initiale admissible
[ 0 0 0 0 0 0 0 0 0 0 0 0 0 0 0 0 0 ]
[ 0 0 0 0 0 0 0 0 0 0 0 0 0 0 0 0 0 ]
[ 0 0 0 0 0 0 0 0 0 0 0 0 0 0 0 0 0 ]
[ 0 0 0 0 0 0 0 0 0 0 0 0 0 0 0 0 0 ]
[ 0 0 0 0 0 0 0 0 0 0 0 0 0 0 0 0 0 ]
[ 0 0 0 0 0 0 0 0 0 0 0 0 0 0 0 0 0 ]
[ 0 0 0 0 0 0 0 0 0 0 0 0 0 0 0 0 0 ]
[ 0 0 0 0 0 0 0 0 0 0 0 0 0 0 0 0 0 ]
[ 0 0 0 0 0 0 0 0 0 0 0 0 0 0 0 0 0 ]
[ 0 0 0 0 0 0 0 0 0 0 0 0 0 0 0 0 0 ]
[ 0 0 0 0 0 0 0 0 1 0 0 0 0 0 0 0 0 ]
[ 0 0 0 0 0 0 0 0 0 0 0 0 0 0 0 0 0 ]
[ 0 0 0 0 0 0 0 0 0 0 0 0 0 0 0 0 0 ]
[ 0 0 0 0 0 0 0 0 0 0 0 0 0 0 0 0 0 ]
[ 0 0 0 0 0 0 0 0 0 0 0 0 0 0 0 0 0 ]

Paramètres
Tinit = 1000
phi =0.8
Kmax = 50
r = 50
Itération = 0
Temperature = 1000
Temps de l'éxecution = 6
Meileure solution trouvée jusqu'à présent = 204
Quotient de la meilleure solution trouvee = 2.39844
Itération = 1
Temperature = 800
Temps de l'éxecution = 6
Meileure solution trouvée jusqu'à présent = 207
Quotient de la meilleure solution trouvee = 2.35896
Itération = 2
Temperature = 640
Temps de l'éxecution = 7
Meileure solution trouvée jusqu'à présent = 213
Quotient de la meilleure solution trouvee = 2.27939
Itération = 3
Temperature = 512
Temps de l'éxecution = 8
Meileure solution trouvée jusqu'à présent = 214
Quotient de la meilleure solution trouvee = 2.268
Itération = 4
Temperature = 409.6
Temps de l'éxecution = 8
Meileure solution trouvée jusqu'à présent = 215
Quotient de la meilleure solution trouvee = 2.26017
Itération = 5
Temperature = 327.68
Temps de l'éxecution = 6
Meileure solution trouvée jusqu'à présent = 221
Quotient de la meilleure solution trouvee = 2.19352
Itération = 6
Temperature = 262.144
Temps de l'éxecution = 6
Meileure solution trouvée jusqu'à présent = 223
Quotient de la meilleure solution trouvee = 2.1672
Itération = 7
Temperature = 209.715
Temps de l'éxecution = 7
Meileure solution trouvée jusqu'à présent = 224
Quotient de la meilleure solution trouvee = 2.15432
Itération = 8
Temperature = 167.772
Temps de l'éxecution = 8
Meileure solution trouvée jusqu'à présent = 225
Quotient de la meilleure solution trouvee = 2.14815
Itération = 9
Temperature = 134.218
Temps de l'éxecution = 8
Meileure solution trouvée jusqu'à présent = 225
Quotient de la meilleure solution trouvee = 2.14815
Temps d'éxécution total = 70
[ 1 0 0 1 0 0 0 0 1 0 1 0 0 0 0 0 0 ]
[ 1 1 0 1 0 0 0 1 1 1 1 1 1 1 1 1 1 ]
[ 1 1 1 1 0 0 0 0 1 1 1 1 1 1 1 1 1 ]
[ 1 0 0 0 1 1 0 1 1 1 1 1 1 1 1 1 1 ]
[ 1 0 0 1 1 1 1 1 1 1 1 1 1 1 1 1 1 ]
[ 1 0 1 1 1 0 1 0 1 1 1 1 1 1 1 1 1 ]
[ 1 1 1 1 1 1 1 1 1 1 1 1 1 1 1 1 1 ]
[ 1 1 1 1 1 1 1 1 1 1 1 1 1 1 1 1 1 ]
[ 1 1 1 1 1 1 1 1 1 1 1 1 1 1 1 1 1 ]
[ 1 1 1 1 1 1 1 1 1 1 1 1 1 1 1 1 1 ]
[ 1 1 1 1 1 1 1 1 1 1 1 1 1 1 1 1 1 ]
[ 1 1 1 1 1 1 1 1 1 1 1 1 1 1 1 1 1 ]
[ 1 1 1 1 1 1 1 1 1 1 1 1 1 1 1 1 1 ]
[ 1 1 1 1 1 1 1 1 1 1 1 1 1 1 1 1 1 ]
[ 1 1 1 1 1 1 1 1 1 1 1 1 1 1 1 1 1 ]

valeur 225
quotient 2.14815
