n=17/nm=15/n[ 0.56 0.56 0.56 0.56 0.56 0.56 0.56 0.56 0.56 0.56 0.56 0.56 0.56 0.56 0.56 0.56 0.56 ]
[ 1.3 1.3 1.3 1.3 1.3 0.56 0.56 0.56 0.56 0.56 0.56 0.56 0.56 0.56 0.56 0.56 0.56 ]
[ 1.3 1.3 1.3 1.3 1.3 0.56 0.56 0.56 0.56 0.56 0.56 0.56 0.56 0.56 0.56 0.56 0.56 ]
[ 1.3 1.3 1.3 1.3 1.3 0.56 0.56 0.56 0.56 0.56 0.56 13.6 13.6 13.6 13.6 13.6 0.56 ]
[ 1.3 1.3 1.3 1.3 1.3 0.56 0.56 0.56 0.56 0.56 0.56 13.6 13.6 13.6 13.6 13.6 0.56 ]
[ 1.3 1.3 1.3 1.3 1.3 0.56 0.56 0.56 0.56 0.56 0.56 13.6 13.6 13.6 13.6 13.6 0.56 ]
[ 0.56 0.56 0.56 0.56 0.56 0.56 0.56 0.56 0.56 0.56 0.56 13.6 13.6 3 3 3 3 ]
[ 0.56 0.56 0.56 0.56 0.56 0.56 0.56 0.56 0.56 0.56 0.56 13.6 13.6 3 3 3 3 ]
[ 0.56 0.56 0.56 0.56 0.56 0.56 0.56 0.56 0.56 0.56 0.56 0.56 0.56 3 3 3 3 ]
[ 0.56 0.56 0.56 0.56 0.56 0.56 0.56 0.56 0.56 0.56 0.56 0.56 0.56 3 3 3 3 ]
[ 0.56 0.56 0.56 0.56 0.56 0.56 0.56 0.56 0.56 0.56 0.56 0.56 0.56 3 3 3 3 ]
[ 0.56 0.56 0.56 0.56 0.56 0.56 0.56 0.56 0.56 0.56 0.56 0.56 0.56 0.56 0.56 0.56 0.56 ]
[ 0 0 0 0 0 0.56 0.56 0.56 0.56 0.56 0.56 0.56 0.56 0.56 0.56 0.56 0.56 ]
[ 0 0 0 0 0 0 0.56 0.56 0.56 0.56 0.56 0.56 0.56 0.56 0.56 0.56 0.56 ]
[ 0 0 0 0 0 0 0.56 0.56 0.56 0.56 0.56 0.56 0.56 0.56 0.56 0.56 0.56 ]

[ 0.62 0.62 0.62 0.62 0.62 0.62 0.62 0.62 0.62 0.62 0.62 0.62 0.62 0.62 0.62 0.62 0.62 ]
[ 0.5 0.5 0.5 0.5 0.5 0.62 0.62 0.62 0.62 0.62 0.62 0.62 0.62 0.62 0.62 0.62 0.62 ]
[ 0.5 0.5 0.5 0.5 0.5 0.62 0.62 0.62 0.62 0.62 0.62 0.62 0.62 0.62 0.62 0.62 0.62 ]
[ 0.5 0.5 0.5 0.5 0.5 0.62 0.62 0.62 0.62 0.62 0.62 0.125 0.125 0.125 0.125 0.125 0.62 ]
[ 0.5 0.5 0.5 0.5 0.5 0.62 0.62 0.62 0.62 0.62 0.62 0.125 0.125 0.125 0.125 0.125 0.62 ]
[ 0.5 0.5 0.5 0.5 0.5 0.62 0.62 0.62 0.62 0.62 0.62 0.125 0.125 0.125 0.125 0.125 0.62 ]
[ 0.62 0.62 0.62 0.62 0.62 0.62 0.62 0.62 0.62 0.62 0.62 0.125 0.125 0.365 0.365 0.365 0.365 ]
[ 0.62 0.62 0.62 0.62 0.62 0.62 0.62 0.62 0.62 0.62 0.62 0.125 0.125 0.365 0.365 0.365 0.365 ]
[ 0.62 0.62 0.62 0.62 0.62 0.62 0.62 0.62 0.62 0.62 0.62 0.62 0.62 0.365 0.365 0.365 0.365 ]
[ 0.62 0.62 0.62 0.62 0.62 0.62 0.62 0.62 0.62 0.62 0.62 0.62 0.62 0.365 0.365 0.365 0.365 ]
[ 0.62 0.62 0.62 0.62 0.62 0.62 0.62 0.62 0.62 0.62 0.62 0.62 0.62 0.365 0.365 0.365 0.365 ]
[ 0.62 0.62 0.62 0.62 0.62 0.62 0.62 0.62 0.62 0.62 0.62 0.62 0.62 0.62 0.62 0.62 0.62 ]
[ 0 0 0 0 0 0.62 0.62 0.62 0.62 0.62 0.62 0.62 0.62 0.62 0.62 0.62 0.62 ]
[ 0 0 0 0 0 0 0.62 0.62 0.62 0.62 0.62 0.62 0.62 0.62 0.62 0.62 0.62 ]
[ 0 0 0 0 0 0 0.62 0.62 0.62 0.62 0.62 0.62 0.62 0.62 0.62 0.62 0.62 ]

[ 0 0 0 0 0 0 0 0 0 0 0 0 0.2 0.2 0.2 0.2 0.2 ]
[ 0.2 0.2 0.2 0.2 0.2 0 0 0 0 0 0 0 0.2 0.2 0.2 0.2 0.2 ]
[ 0.2 0.2 0.2 0.2 0.2 0 0 0 0 0 0 0 0.2 0.2 0.2 0.2 0.2 ]
[ 0.2 0.2 0.2 0.2 0.2 0 0 0 0 0 0 8 8 8 8 8 0.2 ]
[ 0.2 0.2 0.2 0.2 0.2 0 0 0 0 0 0 8 8 8 8 8 0.2 ]
[ 0.2 0.2 0.2 0.2 0.2 0 0 0 0 0 0 8 8 8 8 8 0.2 ]
[ 0 0 0 0 0 0 0 0 0 0 0 8 8 0.2 0.2 0.2 0.2 ]
[ 0 0 0 0 0 0 0 0 0 0 0 8 8 0.2 0.2 0.2 0.2 ]
[ 0 0 0 0 0 0 0 0 0 0 0 0 0.2 0.2 0.2 0.2 0.2 ]
[ 0 0 0 0 0 0 0 0 0 0 0 0 0.2 0.2 0.2 0.2 0.2 ]
[ 0 0 0 0 0 0 0 0 0 0 0 0 0.2 0.2 0.2 0.2 0.2 ]
[ 0 0 0 0 0 0 0 0 0 0 0 0 0.2 0.2 0.2 0.2 0.2 ]
[ 0 0 0 0 0 0.2 0.2 0.2 0.2 0.2 0.2 0.2 0.2 0.2 0.2 0.2 0.2 ]
[ 0 0 0 0 0 0 0 0 0 0 0 0 0 0 0 0 0 ]
[ 0 0 0 0 0 0 0 0 0 0 0 0 0 0 0 0 0 ]

[ 0.62 0.62 0.62 0.62 0.62 0.62 0.62 0.62 0.62 0.62 0.62 0.62 0.62 0.62 0.62 0.62 0.62 ]
[ 0.5 0.5 0.5 0.5 0.5 0.62 0.62 0.62 0.62 0.62 0.62 0.62 0.62 0.62 0.62 0.62 0.62 ]
[ 0.5 0.5 0.5 0.5 0.5 0.62 0.62 0.62 0.62 0.62 0.62 0.62 0.62 0.62 0.62 0.62 0.62 ]
[ 0.5 0.5 0.5 0.5 0.5 0.62 0.62 0.62 0.62 0.62 0.62 0.125 0.125 0.125 0.125 0.125 0.62 ]
[ 0.5 0.5 0.5 0.5 0.5 0.62 0.62 0.62 0.62 0.62 0.62 0.125 0.125 0.125 0.125 0.125 0.62 ]
[ 0.5 0.5 0.5 0.5 0.5 0.62 0.62 0.62 0.62 0.62 0.62 0.125 0.125 0.125 0.125 0.125 0.62 ]
[ 0.62 0.62 0.62 0.62 0.62 0.62 0.62 0.62 0.62 0.62 0.62 0.125 0.125 0.365 0.365 0.365 0.365 ]
[ 0.62 0.62 0.62 0.62 0.62 0.62 0.62 0.62 0.62 0.62 0.62 0.125 0.125 0.365 0.365 0.365 0.365 ]
[ 0.62 0.62 0.62 0.62 0.62 0.62 0.62 0.62 0.62 0.62 0.62 0.62 0.62 0.365 0.365 0.365 0.365 ]
[ 0.62 0.62 0.62 0.62 0.62 0.62 0.62 0.62 0.62 0.62 0.62 0.62 0.62 0.365 0.365 0.365 0.365 ]
[ 0.62 0.62 0.62 0.62 0.62 0.62 0.62 0.62 0.62 0.62 0.62 0.62 0.62 0.365 0.365 0.365 0.365 ]
[ 0.62 0.62 0.62 0.62 0.62 0.62 0.62 0.62 0.62 0.62 0.62 0.62 0.62 0.62 0.62 0.62 0.62 ]
[ 0 0 0 0 0 0.62 0.62 0.62 0.62 0.62 0.62 0.62 0.62 0.62 0.62 0.62 0.62 ]
[ 0 0 0 0 0 0 0.62 0.62 0.62 0.62 0.62 0.62 0.62 0.62 0.62 0.62 0.62 ]
[ 0 0 0 0 0 0 0.62 0.62 0.62 0.62 0.62 0.62 0.62 0.62 0.62 0.62 0.62 ]

quotient solution initiale: 21.6
solution initiale admissible
[ 0 0 0 0 0 0 0 0 0 0 0 0 0 0 0 0 0 ]
[ 0 0 0 0 0 0 0 0 0 0 0 0 0 0 0 0 0 ]
[ 0 0 0 0 0 0 0 0 0 0 0 0 0 0 0 0 0 ]
[ 0 0 0 0 0 0 0 0 0 0 0 1 0 0 0 0 0 ]
[ 0 0 0 0 0 0 0 0 0 0 0 0 0 0 0 0 0 ]
[ 0 0 0 0 0 0 0 0 0 0 0 0 0 0 0 0 0 ]
[ 0 0 0 0 0 0 0 0 0 0 0 0 0 0 0 0 0 ]
[ 0 0 0 0 0 0 0 0 0 0 0 0 0 0 0 0 0 ]
[ 0 0 0 0 0 0 0 0 0 0 0 0 0 0 0 0 0 ]
[ 0 0 0 0 0 0 0 0 0 0 0 0 0 0 0 0 0 ]
[ 0 0 0 0 0 0 0 0 0 0 0 0 0 0 0 0 0 ]
[ 0 0 0 0 0 0 0 0 0 0 0 0 0 0 0 0 0 ]
[ 0 0 0 0 0 0 0 0 0 0 0 0 0 0 0 0 0 ]
[ 0 0 0 0 0 0 0 0 0 0 0 0 0 0 0 0 0 ]
[ 0 0 0 0 0 0 0 0 0 0 0 0 0 0 0 0 0 ]

Paramètres
Tinit = 1000
phi =0.8
Kmax = 50
r = 50
Itération = 0
Temperature = 1000
Temps de l'éxecution = 0
Meileure solution trouvée jusqu'à présent = 45
Quotient de la meilleure solution trouvee = 5.3474
Itération = 1
Temperature = 800
Temps de l'éxecution = 1
Meileure solution trouvée jusqu'à présent = 52
Quotient de la meilleure solution trouvee = 4.23858
Itération = 2
Temperature = 640
Temps de l'éxecution = 0
Meileure solution trouvée jusqu'à présent = 65
Quotient de la meilleure solution trouvee = 3.14834
Itération = 3
Temperature = 512
Temps de l'éxecution = 1
Meileure solution trouvée jusqu'à présent = 67
Quotient de la meilleure solution trouvee = 3.02537
Itération = 4
Temperature = 409.6
Temps de l'éxecution = 1
Meileure solution trouvée jusqu'à présent = 70
Quotient de la meilleure solution trouvee = 2.86351
Itération = 5
Temperature = 327.68
Temps de l'éxecution = 0
Meileure solution trouvée jusqu'à présent = 78
Quotient de la meilleure solution trouvee = 2.56182
Itération = 6
Temperature = 262.144
Temps de l'éxecution = 1
Meileure solution trouvée jusqu'à présent = 84
Quotient de la meilleure solution trouvee = 2.37314
Itération = 7
Temperature = 209.715
Temps de l'éxecution = 1
Meileure solution trouvée jusqu'à présent = 84
Quotient de la meilleure solution trouvee = 2.37314
Temps d'éxécution total = 5
[ 0 0 0 0 0 0 0 0 1 1 1 1 0 0 1 1 0 ]
[ 0 0 0 0 0 0 0 0 1 1 1 1 1 1 1 0 1 ]
[ 0 0 0 0 0 0 0 0 1 1 0 1 1 1 0 1 1 ]
[ 0 0 0 0 0 0 0 1 1 0 1 1 1 1 1 1 0 ]
[ 0 0 0 0 0 0 0 0 1 0 0 1 1 1 1 1 1 ]
[ 0 0 0 0 0 0 0 0 0 0 0 1 1 1 1 1 0 ]
[ 0 0 0 0 0 0 0 0 0 1 0 1 1 1 1 1 1 ]
[ 0 0 0 0 0 0 0 0 0 1 0 1 1 1 1 1 1 ]
[ 0 0 0 0 0 0 0 0 1 1 1 1 1 1 1 1 1 ]
[ 0 0 0 0 0 0 0 0 0 1 1 1 1 1 1 1 1 ]
[ 0 0 0 0 0 0 0 0 0 0 0 1 1 1 1 1 1 ]
[ 0 0 0 0 0 0 0 0 0 0 0 1 1 1 1 0 0 ]
[ 0 0 0 0 0 0 0 0 0 0 0 0 0 0 1 1 0 ]
[ 0 0 0 0 0 0 0 0 0 0 0 0 0 0 0 0 0 ]
[ 0 0 0 0 0 0 0 0 0 0 0 0 0 0 0 0 0 ]

valeur 84
quotient 2.37314
