n=17/nm=15/n[ 0.86 0.86 0.86 0.86 0.86 0.86 0.86 0.86 0.86 0.86 0.86 0 0 0 0 0 0 ]
[ 0.86 0.86 0.86 0.86 0.86 0.86 0.86 0.86 0.86 0.86 0.86 0 0 0 0 0 0 ]
[ 0.86 0.86 0.86 0.86 0.86 0.86 0.86 0.86 0.86 0.86 0.86 0 0 0 0 0 0 ]
[ 0.86 0.86 0.86 0.86 0.86 0.86 0.86 0.86 0.86 0.86 0.86 0 0 0 0 0 0 ]
[ 0.054 0.054 0.054 0.054 0.054 0.054 0.054 0.054 0.054 0.054 0.054 0.054 0.054 0.054 0.054 0.054 0 ]
[ 2 2 2 2 0.054 0.054 0.054 0.054 0.054 0.054 0.054 0.054 0.054 0.054 0.054 0.054 0 ]
[ 2 2 2 2 0.054 0.054 0.054 0.054 0.054 0.054 0.054 0.054 0.054 0.054 0.054 0.054 0 ]
[ 2 2 2 2 0.054 0.054 0.054 0.054 0.054 0.054 0.054 0.054 0.054 0.054 0.054 0.054 0 ]
[ 2 2 2 2 0.054 0.054 0.054 0.054 0.054 0.054 0.054 0.054 0.054 0.054 0.054 0.054 0 ]
[ 2 2 2 2 0.054 0.054 0.054 0.054 0.054 0.054 0.054 0.054 0.054 0.054 0.054 0.054 0 ]
[ 0.054 0.054 0.054 0.054 0.054 0.054 0.054 0.054 0.054 0.054 0.054 0.054 0.054 0.054 0.054 0.054 0 ]
[ 0.054 0.054 0.054 0.054 0.56 0.56 0.56 0.054 0.054 0.054 0.054 0.054 0.054 0.054 0.054 0.054 0 ]
[ 0.054 0.054 0.054 0.56 0.56 0.56 0.56 0.56 0.054 0.054 0.054 0.054 0.054 0.054 0.054 0.054 0 ]
[ 0.054 0.054 0.054 0.56 0.56 0.56 0.56 0.56 0.054 0.054 0.054 0.054 0.054 0.054 0.054 0.054 0 ]
[ 0.054 0.054 0.054 0.56 0.56 0.56 0.56 0.56 0.054 0.054 0.054 0.054 0.054 0.054 0.054 0.054 0 ]

[ 0.56 0.56 0.56 0.56 0.56 0.56 0.56 0.56 0.56 0.56 0.56 0 0 0 0 0 0 ]
[ 0.56 0.56 0.56 0.56 0.56 0.56 0.56 0.56 0.56 0.56 0.56 0 0 0 0 0 0 ]
[ 0.56 0.56 0.56 0.56 0.56 0.56 0.56 0.56 0.56 0.56 0.56 0 0 0 0 0 0 ]
[ 0.56 0.56 0.56 0.56 0.56 0.56 0.56 0.56 0.56 0.56 0.56 0 0 0 0 0 0 ]
[ 0.72 0.72 0.72 0.72 0.72 0.72 0.72 0.72 0.72 0.72 0.72 0.72 0.72 0.72 0.72 0.72 0 ]
[ 0.43 0.43 0.43 0.43 0.72 0.72 0.72 0.72 0.72 0.72 0.72 0.72 0.72 0.72 0.72 0.72 0 ]
[ 0.43 0.43 0.43 0.43 0.72 0.72 0.72 0.72 0.72 0.72 0.72 0.72 0.72 0.72 0.72 0.72 0 ]
[ 0.43 0.43 0.43 0.43 0.72 0.72 0.72 0.72 0.72 0.72 0.72 0.72 0.72 0.72 0.72 0.72 0 ]
[ 0.43 0.43 0.43 0.43 0.72 0.72 0.72 0.72 0.72 0.72 0.72 0.72 0.72 0.72 0.72 0.72 0 ]
[ 0.43 0.43 0.43 0.43 0.72 0.72 0.72 0.72 0.72 0.72 0.72 0.72 0.72 0.72 0.72 0.72 0 ]
[ 0.72 0.72 0.72 0.72 0.72 0.72 0.72 0.72 0.72 0.72 0.72 0.72 0.72 0.72 0.72 0.72 0 ]
[ 0.72 0.72 0.72 0.72 0.62 0.62 0.62 0.72 0.72 0.72 0.72 0.72 0.72 0.72 0.72 0.72 0 ]
[ 0.72 0.72 0.72 0.62 0.62 0.62 0.62 0.62 0.72 0.72 0.72 0.72 0.72 0.72 0.72 0.72 0 ]
[ 0.72 0.72 0.72 0.62 0.62 0.62 0.62 0.62 0.72 0.72 0.72 0.72 0.72 0.72 0.72 0.72 0 ]
[ 0.72 0.72 0.72 0.62 0.62 0.62 0.62 0.62 0.72 0.72 0.72 0.72 0.72 0.72 0.72 0.72 0 ]

[ 1 1 1 1 1 1 1 1 1 1 1 0 0 0 0 0 0 ]
[ 1 1 1 1 1 1 1 1 1 1 1 0 0 0 0 0 0 ]
[ 1 1 1 1 1 1 1 1 1 1 1 0 0 0 0 0 0 ]
[ 1 1 1 1 1 1 1 1 1 1 1 0 0 0 0 0 0 ]
[ 0.2 0.2 0.2 0.2 0.2 0.2 0.2 0.2 0.2 0.2 0.2 0.2 0.2 0.2 0.2 0.2 0 ]
[ 2 2 2 2 0.2 0.2 0.2 0.2 0.2 0.2 0.2 0.2 0.2 0.2 0.2 0.2 0 ]
[ 2 2 2 2 0.2 0.2 0.2 0.2 0.2 0.2 0.2 0.2 0.2 0.2 0.2 0.2 0 ]
[ 2 2 2 2 0.2 0.2 0.2 0.2 0.2 0.2 0.2 0.2 0.2 0.2 0.2 0.2 0 ]
[ 2 2 2 2 0.2 0.2 0.2 0.2 0.2 0.2 0.2 0.2 0.2 0.2 0.2 0.2 0 ]
[ 2 2 2 2 0.2 0.2 0.2 0.2 0.2 0.2 0.2 0.2 0.2 0.2 0.2 0.2 0 ]
[ 0.2 0.2 0.2 0.2 0.2 0.2 0.2 0.2 0.2 0.2 0.2 0.2 0.2 0.2 0.2 0.2 0 ]
[ 0.2 0.2 0.2 0.2 6 6 6 0.2 0.2 0.2 0.2 0.2 0.2 0.2 0.2 0.2 0 ]
[ 0.2 0.2 0.2 6 6 6 6 6 0.2 0.2 0.2 0.2 0.2 0.2 0.2 0.2 0 ]
[ 0.2 0.2 0.2 6 6 6 6 6 0.2 0.2 0.2 0.2 0.2 0.2 0.2 0.2 0 ]
[ 0.2 0.2 0.2 6 6 6 6 6 0.2 0.2 0.2 0.2 0.2 0.2 0.2 0.2 0 ]

[ 0.56 0.56 0.56 0.56 0.56 0.56 0.56 0.56 0.56 0.56 0.56 0 0 0 0 0 0 ]
[ 0.56 0.56 0.56 0.56 0.56 0.56 0.56 0.56 0.56 0.56 0.56 0 0 0 0 0 0 ]
[ 0.56 0.56 0.56 0.56 0.56 0.56 0.56 0.56 0.56 0.56 0.56 0 0 0 0 0 0 ]
[ 0.56 0.56 0.56 0.56 0.56 0.56 0.56 0.56 0.56 0.56 0.56 0 0 0 0 0 0 ]
[ 0.72 0.72 0.72 0.72 0.72 0.72 0.72 0.72 0.72 0.72 0.72 0.72 0.72 0.72 0.72 0.72 0 ]
[ 0.43 0.43 0.43 0.43 0.72 0.72 0.72 0.72 0.72 0.72 0.72 0.72 0.72 0.72 0.72 0.72 0 ]
[ 0.43 0.43 0.43 0.43 0.72 0.72 0.72 0.72 0.72 0.72 0.72 0.72 0.72 0.72 0.72 0.72 0 ]
[ 0.43 0.43 0.43 0.43 0.72 0.72 0.72 0.72 0.72 0.72 0.72 0.72 0.72 0.72 0.72 0.72 0 ]
[ 0.43 0.43 0.43 0.43 0.72 0.72 0.72 0.72 0.72 0.72 0.72 0.72 0.72 0.72 0.72 0.72 0 ]
[ 0.43 0.43 0.43 0.43 0.72 0.72 0.72 0.72 0.72 0.72 0.72 0.72 0.72 0.72 0.72 0.72 0 ]
[ 0.72 0.72 0.72 0.72 0.72 0.72 0.72 0.72 0.72 0.72 0.72 0.72 0.72 0.72 0.72 0.72 0 ]
[ 0.72 0.72 0.72 0.72 0.62 0.62 0.62 0.72 0.72 0.72 0.72 0.72 0.72 0.72 0.72 0.72 0 ]
[ 0.72 0.72 0.72 0.62 0.62 0.62 0.62 0.62 0.72 0.72 0.72 0.72 0.72 0.72 0.72 0.72 0 ]
[ 0.72 0.72 0.72 0.62 0.62 0.62 0.62 0.62 0.72 0.72 0.72 0.72 0.72 0.72 0.72 0.72 0 ]
[ 0.72 0.72 0.72 0.62 0.62 0.62 0.62 0.62 0.72 0.72 0.72 0.72 0.72 0.72 0.72 0.72 0 ]

quotient solution initiale: 6.56
solution initiale admissible
[ 0 0 0 0 0 0 0 0 0 0 0 0 0 0 0 0 0 ]
[ 0 0 0 0 0 0 0 0 0 0 0 0 0 0 0 0 0 ]
[ 0 0 0 0 0 0 0 0 0 0 0 0 0 0 0 0 0 ]
[ 0 0 0 0 0 0 0 0 0 0 0 0 0 0 0 0 0 ]
[ 0 0 0 0 0 0 0 0 0 0 0 0 0 0 0 0 0 ]
[ 0 0 0 0 0 0 0 0 0 0 0 0 0 0 0 0 0 ]
[ 0 0 0 0 0 0 0 0 0 0 0 0 0 0 0 0 0 ]
[ 0 0 0 0 0 0 0 0 0 0 0 0 0 0 0 0 0 ]
[ 0 0 0 0 0 0 0 0 0 0 0 0 0 0 0 0 0 ]
[ 0 0 0 0 0 0 0 0 0 0 0 0 0 0 0 0 0 ]
[ 0 0 0 0 0 0 0 0 0 0 0 0 0 0 0 0 0 ]
[ 0 0 0 0 0 0 0 0 0 0 0 0 0 0 0 0 0 ]
[ 0 0 0 0 0 0 0 0 0 0 0 0 0 0 0 0 0 ]
[ 0 0 0 0 0 0 0 0 0 0 0 0 0 0 0 0 0 ]
[ 0 0 0 0 0 0 0 1 0 0 0 0 0 0 0 0 0 ]

Paramètres
Tinit = 1000
phi =0.8
Kmax = 50
r = 50
Itération = 0
Temperature = 1000
Temps de l'éxecution = 1
Meileure solution trouvée jusqu'à présent = 28
Quotient de la meilleure solution trouvee = 2.43507
Itération = 1
Temperature = 800
Temps de l'éxecution = 0
Meileure solution trouvée jusqu'à présent = 55
Quotient de la meilleure solution trouvee = 2.502
Itération = 2
Temperature = 640
Temps de l'éxecution = 1
Meileure solution trouvée jusqu'à présent = 57
Quotient de la meilleure solution trouvee = 2.4718
Itération = 3
Temperature = 512
Temps de l'éxecution = 1
Meileure solution trouvée jusqu'à présent = 65
Quotient de la meilleure solution trouvee = 2.08424
Itération = 4
Temperature = 409.6
Temps de l'éxecution = 1
Meileure solution trouvée jusqu'à présent = 68
Quotient de la meilleure solution trouvee = 2.00451
Itération = 5
Temperature = 327.68
Temps de l'éxecution = 1
Meileure solution trouvée jusqu'à présent = 68
Quotient de la meilleure solution trouvee = 2.00451
Temps d'éxécution total = 5
[ 0 0 0 0 0 0 0 0 0 0 0 0 0 0 0 0 0 ]
[ 0 0 0 0 0 0 0 0 0 0 0 0 0 0 0 0 0 ]
[ 0 0 0 1 1 1 0 0 0 0 0 0 0 0 0 0 0 ]
[ 0 0 0 1 1 0 0 0 0 0 0 0 0 0 0 0 0 ]
[ 1 0 0 1 0 0 0 0 0 0 0 0 0 0 0 0 0 ]
[ 1 1 1 1 1 1 0 0 0 0 0 0 0 0 0 0 0 ]
[ 1 1 1 1 0 0 0 0 0 0 0 0 0 0 0 0 0 ]
[ 1 1 1 1 1 1 0 0 0 0 0 0 0 0 0 0 0 ]
[ 1 1 1 1 1 0 1 1 0 0 0 0 0 0 0 0 0 ]
[ 1 1 1 1 0 1 1 0 0 0 0 0 0 0 0 0 0 ]
[ 1 0 1 1 1 1 1 1 0 0 0 0 0 0 0 0 0 ]
[ 1 1 1 0 1 1 1 0 0 0 0 0 0 0 0 0 0 ]
[ 0 1 0 1 1 1 1 1 0 0 0 0 0 0 0 0 0 ]
[ 0 1 0 1 1 1 1 1 0 0 0 0 0 0 0 0 0 ]
[ 0 0 1 1 1 1 1 1 1 0 0 0 0 0 0 0 0 ]

valeur 68
quotient 2.00451
