n=17/nm=15/n[ 2 2 2 2 2 2 2 2 2 2 2 2 2 2 2 2 2 ]
[ 7.7 7.7 7.7 7.7 2 2 2 2 2 2 2 2 2 2 2 2 2 ]
[ 7.7 7.7 7.7 7.7 2 2 2 2 2 2 2 2 2 2 2 2 2 ]
[ 7.7 7.7 7.7 7.7 2 2 2 2 2 2 2 2 2 2 2 2 2 ]
[ 2 2 2 2 2 2 2 2 2 2 2 2 2 2 2 2 2 ]
[ 2 2 2 2 2 2 2 2 2 2 2 2 2 2 2 2 2 ]
[ 2 2 2 2 2 2 2 3 3 3 3 3 2 2 2 2 2 ]
[ 2 2 2 2 2 2 2 3 3 3 3 3 2 2 2 2 2 ]
[ 2 2 2 2 2 2 2 3 3 3 3 3 2 2 2 2 2 ]
[ 0.86 0.86 0.86 0.86 0.86 0.86 0.86 3 3 3 3 3 2 2 2 2 2 ]
[ 0 0 2 2 2 2 2 3 3 3 3 3 2 2 2 2 2 ]
[ 0 0 2 2 2 2 2 2 2 2 2 2 2 2 2 2 2 ]
[ 0 0 2 2 2 2 2 2 2 2 2 2 2 2 2 2 2 ]
[ 0 0 0 0 0 0 0 0 0 0 0 0 0 0 0 0 0 ]
[ 0 0 0 0 0 0 0 0 0 0 0 0 0 0 0 0 0 ]

[ 0.43 0.43 0.43 0.43 0.43 0.43 0.43 0.43 0.43 0.43 0.43 0.43 0.43 0.43 0.43 0.43 0.43 ]
[ 0.18 0.18 0.18 0.18 0.43 0.43 0.43 0.43 0.43 0.43 0.43 0.43 0.43 0.43 0.43 0.43 0.43 ]
[ 0.18 0.18 0.18 0.18 0.43 0.43 0.43 0.43 0.43 0.43 0.43 0.43 0.43 0.43 0.43 0.43 0.43 ]
[ 0.18 0.18 0.18 0.18 0.43 0.43 0.43 0.43 0.43 0.43 0.43 0.43 0.43 0.43 0.43 0.43 0.43 ]
[ 0.43 0.43 0.43 0.43 0.43 0.43 0.43 0.43 0.43 0.43 0.43 0.43 0.43 0.43 0.43 0.43 0.43 ]
[ 0.43 0.43 0.43 0.43 0.43 0.43 0.43 0.43 0.43 0.43 0.43 0.43 0.43 0.43 0.43 0.43 0.43 ]
[ 0.43 0.43 0.43 0.43 0.43 0.43 0.43 0.365 0.365 0.365 0.365 0.365 0.43 0.43 0.43 0.43 0.43 ]
[ 0.43 0.43 0.43 0.43 0.43 0.43 0.43 0.365 0.365 0.365 0.365 0.365 0.43 0.43 0.43 0.43 0.43 ]
[ 0.43 0.43 0.43 0.43 0.43 0.43 0.43 0.365 0.365 0.365 0.365 0.365 0.43 0.43 0.43 0.43 0.43 ]
[ 0.56 0.56 0.56 0.56 0.56 0.56 0.56 0.365 0.365 0.365 0.365 0.365 0.43 0.43 0.43 0.43 0.43 ]
[ 0 0 0.43 0.43 0.43 0.43 0.43 0.365 0.365 0.365 0.365 0.365 0.43 0.43 0.43 0.43 0.43 ]
[ 0 0 0.43 0.43 0.43 0.43 0.43 0.43 0.43 0.43 0.43 0.43 0.43 0.43 0.43 0.43 0.43 ]
[ 0 0 0.43 0.43 0.43 0.43 0.43 0.43 0.43 0.43 0.43 0.43 0.43 0.43 0.43 0.43 0.43 ]
[ 0 0 0 0 0 0 0 0 0 0 0 0 0 0 0 0 0 ]
[ 0 0 0 0 0 0 0 0 0 0 0 0 0 0 0 0 0 ]

[ 0 0 0 0 0 6 6 6 6 6 6 6 0 0 0 0 0 ]
[ 4 4 4 4 0 6 6 6 6 6 6 6 0 0 0 0 0 ]
[ 4 4 4 4 0 6 6 6 6 6 6 6 0 0 0 0 0 ]
[ 4 4 4 4 0 6 6 6 6 6 6 6 0 0 0 0 0 ]
[ 0 0 0 0 0 0 0 0 0 0 0 0 0 0 0 0 0 ]
[ 0 0 0 0 0 0 0 0 0 0 0 0 0 0 0 0 0 ]
[ 0 0 0 0 0 0 0 0.2 0.2 0.2 0.2 0.2 0 0 0 0 0 ]
[ 0 0 0 0 0 0 0 0.2 0.2 0.2 0.2 0.2 0 0 0 0 0 ]
[ 0 0 0 0 0 0 0 0.2 0.2 0.2 0.2 0.2 0 0 0 0 0 ]
[ 2 2 2 2 2 2 2 0.2 0.2 0.2 0.2 0.2 0.2 0.2 0.2 0.2 0.2 ]
[ 0 0 0.2 0.2 0.2 0.2 0.2 0.2 0.2 0.2 0.2 0.2 0.2 0.2 0.2 0.2 0.2 ]
[ 0 0 0.2 0.2 0.2 0.2 0.2 0.2 0.2 0.2 0.2 0.2 0.2 0.2 0.2 0.2 0.2 ]
[ 0 0 0.2 0.2 0.2 0.2 0.2 0.2 0.2 0.2 0.2 0.2 0.2 0.2 0.2 0.2 0.2 ]
[ 0 0 0 0 0 0 0 0 0 0 0 0 0 0 0 0 0 ]
[ 0 0 0 0 0 0 0 0 0 0 0 0 0 0 0 0 0 ]

[ 0.43 0.43 0.43 0.43 0.43 0.43 0.43 0.43 0.43 0.43 0.43 0.43 0.43 0.43 0.43 0.43 0.43 ]
[ 0.18 0.18 0.18 0.18 0.43 0.43 0.43 0.43 0.43 0.43 0.43 0.43 0.43 0.43 0.43 0.43 0.43 ]
[ 0.18 0.18 0.18 0.18 0.43 0.43 0.43 0.43 0.43 0.43 0.43 0.43 0.43 0.43 0.43 0.43 0.43 ]
[ 0.18 0.18 0.18 0.18 0.43 0.43 0.43 0.43 0.43 0.43 0.43 0.43 0.43 0.43 0.43 0.43 0.43 ]
[ 0.43 0.43 0.43 0.43 0.43 0.43 0.43 0.43 0.43 0.43 0.43 0.43 0.43 0.43 0.43 0.43 0.43 ]
[ 0.43 0.43 0.43 0.43 0.43 0.43 0.43 0.43 0.43 0.43 0.43 0.43 0.43 0.43 0.43 0.43 0.43 ]
[ 0.43 0.43 0.43 0.43 0.43 0.43 0.43 0.365 0.365 0.365 0.365 0.365 0.43 0.43 0.43 0.43 0.43 ]
[ 0.43 0.43 0.43 0.43 0.43 0.43 0.43 0.365 0.365 0.365 0.365 0.365 0.43 0.43 0.43 0.43 0.43 ]
[ 0.43 0.43 0.43 0.43 0.43 0.43 0.43 0.365 0.365 0.365 0.365 0.365 0.43 0.43 0.43 0.43 0.43 ]
[ 0.56 0.56 0.56 0.56 0.56 0.56 0.56 0.365 0.365 0.365 0.365 0.365 0.43 0.43 0.43 0.43 0.43 ]
[ 0 0 0.43 0.43 0.43 0.43 0.43 0.365 0.365 0.365 0.365 0.365 0.43 0.43 0.43 0.43 0.43 ]
[ 0 0 0.43 0.43 0.43 0.43 0.43 0.43 0.43 0.43 0.43 0.43 0.43 0.43 0.43 0.43 0.43 ]
[ 0 0 0.43 0.43 0.43 0.43 0.43 0.43 0.43 0.43 0.43 0.43 0.43 0.43 0.43 0.43 0.43 ]
[ 0 0 0 0 0 0 0 0 0 0 0 0 0 0 0 0 0 ]
[ 0 0 0 0 0 0 0 0 0 0 0 0 0 0 0 0 0 ]

quotient solution initiale: 11.7
solution initiale admissible
[ 0 0 0 0 0 0 0 0 0 0 0 0 0 0 0 0 0 ]
[ 1 0 0 0 0 0 0 0 0 0 0 0 0 0 0 0 0 ]
[ 0 0 0 0 0 0 0 0 0 0 0 0 0 0 0 0 0 ]
[ 0 0 0 0 0 0 0 0 0 0 0 0 0 0 0 0 0 ]
[ 0 0 0 0 0 0 0 0 0 0 0 0 0 0 0 0 0 ]
[ 0 0 0 0 0 0 0 0 0 0 0 0 0 0 0 0 0 ]
[ 0 0 0 0 0 0 0 0 0 0 0 0 0 0 0 0 0 ]
[ 0 0 0 0 0 0 0 0 0 0 0 0 0 0 0 0 0 ]
[ 0 0 0 0 0 0 0 0 0 0 0 0 0 0 0 0 0 ]
[ 0 0 0 0 0 0 0 0 0 0 0 0 0 0 0 0 0 ]
[ 0 0 0 0 0 0 0 0 0 0 0 0 0 0 0 0 0 ]
[ 0 0 0 0 0 0 0 0 0 0 0 0 0 0 0 0 0 ]
[ 0 0 0 0 0 0 0 0 0 0 0 0 0 0 0 0 0 ]
[ 0 0 0 0 0 0 0 0 0 0 0 0 0 0 0 0 0 ]
[ 0 0 0 0 0 0 0 0 0 0 0 0 0 0 0 0 0 ]

Paramètres
Tinit = 1000
phi =0.8
Kmax = 50
r = 50
Itération = 0
Temperature = 1000
Temps de l'éxecution = 5
Meileure solution trouvée jusqu'à présent = 215
Quotient de la meilleure solution trouvee = 2.61398
Itération = 1
Temperature = 800
Temps de l'éxecution = 7
Meileure solution trouvée jusqu'à présent = 215
Quotient de la meilleure solution trouvee = 2.61398
Temps d'éxécution total = 12
[ 1 1 1 1 1 1 1 1 1 1 1 1 1 1 1 1 1 ]
[ 1 1 1 1 1 1 1 1 1 1 1 1 1 1 1 1 1 ]
[ 1 1 1 1 1 1 1 1 1 1 1 1 1 1 1 1 1 ]
[ 1 1 1 1 1 1 1 1 1 1 1 1 1 1 1 1 1 ]
[ 1 1 1 1 1 1 1 1 1 1 1 1 1 1 1 1 1 ]
[ 1 1 1 1 1 1 1 1 1 1 1 1 1 1 1 1 1 ]
[ 1 1 1 1 1 1 1 1 1 1 1 1 1 1 1 1 1 ]
[ 1 1 1 1 1 1 1 1 1 1 1 1 1 1 1 1 1 ]
[ 1 1 1 1 1 1 1 1 1 1 1 1 1 1 1 1 1 ]
[ 1 1 1 1 1 1 1 1 1 1 1 1 1 1 1 1 1 ]
[ 0 0 1 1 1 1 1 1 1 1 1 1 1 1 1 1 1 ]
[ 0 0 1 1 1 1 1 1 1 1 1 1 1 1 1 1 1 ]
[ 0 0 1 1 1 1 1 1 1 1 1 1 1 1 1 1 1 ]
[ 0 0 0 0 0 0 0 0 0 0 0 0 0 0 0 0 0 ]
[ 0 0 0 0 0 0 0 0 0 0 0 0 0 0 0 0 0 ]

valeur 215
quotient 2.61398
