n=17/nm=15/n[ 0.05 0.05 0.05 0.05 0.05 0.05 0.05 0.05 0.05 0.05 0.05 0.05 0.05 0.05 0.05 3 3 ]
[ 0.05 0.05 0.05 0.05 0.05 13.6 13.6 13.6 13.6 13.6 13.6 13.6 0.05 0.05 0.05 3 3 ]
[ 0.05 0.05 0.05 0.05 0.05 13.6 13.6 13.6 13.6 13.6 13.6 13.6 0.05 0.05 0.05 3 3 ]
[ 0.05 0.05 0.05 0.05 0.05 13.6 13.6 13.6 13.6 13.6 13.6 13.6 0.05 0.05 0.05 3 3 ]
[ 0.05 0.05 0.05 0.05 0.05 0.3 0.3 0.3 0.3 0.3 0.05 0.05 0.05 0.05 0.05 3 3 ]
[ 0.05 0.05 0.05 0.05 0.05 0.3 0.3 0.3 0.3 0.3 0.05 1.3 1.3 1.3 0.05 3 3 ]
[ 0.05 0.05 0.05 0.05 0.05 0.3 0.3 0.3 0.3 0.3 0.05 1.3 1.3 1.3 0.05 3 3 ]
[ 0.05 0.05 0.05 0.05 0.05 0.05 0.05 0.05 0.05 0.05 0.05 1.3 1.3 1.3 0.05 3 3 ]
[ 0.05 0.05 0.05 0.05 0.05 0.05 0.05 0.05 0.05 0.05 0.05 1.3 1.3 1.3 0.05 3 3 ]
[ 0.05 0.05 0.05 0.05 0.05 0.05 0.05 0.05 0.05 0.05 0.05 1.3 1.3 1.3 0.05 3 3 ]
[ 0.05 0.05 0.05 0.05 0.05 0.05 0.05 0.05 0.05 0.05 0.05 0.05 0.05 0.05 0.05 0.05 0.05 ]
[ 0.05 0.05 0.05 0.05 0.05 0.05 0.05 0.05 0.05 0.05 0.05 0.05 0.05 0.05 0.05 0.05 0.05 ]
[ 0 0 0 0 0 0 0 0 0.05 0.05 0.05 0.05 0.05 0.05 0.05 0.05 0.05 ]
[ 0 0 0 0 0 0 0 0 0.05 0.05 0.05 0.05 0.05 0.05 0.05 0.05 0.05 ]
[ 0 0 0 0 0 0 0 0 0.05 0.05 0.05 0.05 0.05 0.05 0.05 0.05 0.05 ]

[ 0.75 0.75 0.75 0.75 0.75 0.75 0.75 0.75 0.75 0.75 0.75 0.75 0.75 0.75 0.75 0.365 0.365 ]
[ 0.75 0.75 0.75 0.75 0.75 0.125 0.125 0.125 0.125 0.125 0.125 0.125 0.75 0.75 0.75 0.365 0.365 ]
[ 0.75 0.75 0.75 0.75 0.75 0.125 0.125 0.125 0.125 0.125 0.125 0.125 0.75 0.75 0.75 0.365 0.365 ]
[ 0.75 0.75 0.75 0.75 0.75 0.125 0.125 0.125 0.125 0.125 0.125 0.125 0.75 0.75 0.75 0.365 0.365 ]
[ 0.75 0.75 0.75 0.75 0.75 0.67 0.67 0.67 0.67 0.67 0.75 0.75 0.75 0.75 0.75 0.365 0.365 ]
[ 0.75 0.75 0.75 0.75 0.75 0.67 0.67 0.67 0.67 0.67 0.75 0.5 0.5 0.5 0.75 0.365 0.365 ]
[ 0.75 0.75 0.75 0.75 0.75 0.67 0.67 0.67 0.67 0.67 0.75 0.5 0.5 0.5 0.75 0.365 0.365 ]
[ 0.75 0.75 0.75 0.75 0.75 0.75 0.75 0.75 0.75 0.75 0.75 0.5 0.5 0.5 0.75 0.365 0.365 ]
[ 0.75 0.75 0.75 0.75 0.75 0.75 0.75 0.75 0.75 0.75 0.75 0.5 0.5 0.5 0.75 0.365 0.365 ]
[ 0.75 0.75 0.75 0.75 0.75 0.75 0.75 0.75 0.75 0.75 0.75 0.5 0.5 0.5 0.75 0.365 0.365 ]
[ 0.75 0.75 0.75 0.75 0.75 0.75 0.75 0.75 0.75 0.75 0.75 0.75 0.75 0.75 0.75 0.75 0.75 ]
[ 0.75 0.75 0.75 0.75 0.75 0.75 0.75 0.75 0.75 0.75 0.75 0.75 0.75 0.75 0.75 0.75 0.75 ]
[ 0 0 0 0 0 0 0 0 0.75 0.75 0.75 0.75 0.75 0.75 0.75 0.75 0.75 ]
[ 0 0 0 0 0 0 0 0 0.75 0.75 0.75 0.75 0.75 0.75 0.75 0.75 0.75 ]
[ 0 0 0 0 0 0 0 0 0.75 0.75 0.75 0.75 0.75 0.75 0.75 0.75 0.75 ]

[ 0 0 0 0 0 0 0 0 0 0 0 0 0 0 0 0 0 ]
[ 0 0 0 0 0 0.2 0.2 0.2 0.2 0.2 0.2 0.2 0 0 0 0 0 ]
[ 0 0 0 0 0 0.2 0.2 0.2 0.2 0.2 0.2 0.2 0 0 0 0 0 ]
[ 0 0 0 0 0 0.2 0.2 0.2 0.2 0.2 0.2 0.2 0 0 0 0 0 ]
[ 0 0 0 0 0 1 1 1 1 1 0 0 0 0 0 0 0 ]
[ 0 0 0 0 0 1 1 1 1 1 0 2 2 2 0 0 0 ]
[ 0 0 0 0 0 1 1 1 1 1 0 2 2 2 0 0 0 ]
[ 0 0 0 0 0 0 0 0 0 0 0 2 2 2 0 0 0 ]
[ 0 0 0 0 0 0 0 0 0 0 0 2 2 2 0 0 0 ]
[ 0 0 0 0 0 0 0 0 0 0 0 2 2 2 0 0 0 ]
[ 0 0 0 0 0 0 0 0 0 0 0 0 0 0 0 0.2 0.2 ]
[ 0 0 0 0 0 0 0 0 0 0 0 0 0 0 0 0.2 0.2 ]
[ 0 0 0 0 0 0 0 0 0.2 0.2 0.2 0.2 0.2 0.2 0.2 0.2 0.2 ]
[ 0 0 0 0 0 0 0 0 0.2 0.2 0.2 0.2 0.2 0.2 0.2 0.2 0.2 ]
[ 0 0 0 0 0 0 0 0 0.2 0.2 0.2 0.2 0.2 0.2 0.2 0.2 0.2 ]

[ 0.75 0.75 0.75 0.75 0.75 0.75 0.75 0.75 0.75 0.75 0.75 0.75 0.75 0.75 0.75 0.365 0.365 ]
[ 0.75 0.75 0.75 0.75 0.75 0.125 0.125 0.125 0.125 0.125 0.125 0.125 0.75 0.75 0.75 0.365 0.365 ]
[ 0.75 0.75 0.75 0.75 0.75 0.125 0.125 0.125 0.125 0.125 0.125 0.125 0.75 0.75 0.75 0.365 0.365 ]
[ 0.75 0.75 0.75 0.75 0.75 0.125 0.125 0.125 0.125 0.125 0.125 0.125 0.75 0.75 0.75 0.365 0.365 ]
[ 0.75 0.75 0.75 0.75 0.75 0.67 0.67 0.67 0.67 0.67 0.75 0.75 0.75 0.75 0.75 0.365 0.365 ]
[ 0.75 0.75 0.75 0.75 0.75 0.67 0.67 0.67 0.67 0.67 0.75 0.5 0.5 0.5 0.75 0.365 0.365 ]
[ 0.75 0.75 0.75 0.75 0.75 0.67 0.67 0.67 0.67 0.67 0.75 0.5 0.5 0.5 0.75 0.365 0.365 ]
[ 0.75 0.75 0.75 0.75 0.75 0.75 0.75 0.75 0.75 0.75 0.75 0.5 0.5 0.5 0.75 0.365 0.365 ]
[ 0.75 0.75 0.75 0.75 0.75 0.75 0.75 0.75 0.75 0.75 0.75 0.5 0.5 0.5 0.75 0.365 0.365 ]
[ 0.75 0.75 0.75 0.75 0.75 0.75 0.75 0.75 0.75 0.75 0.75 0.5 0.5 0.5 0.75 0.365 0.365 ]
[ 0.75 0.75 0.75 0.75 0.75 0.75 0.75 0.75 0.75 0.75 0.75 0.75 0.75 0.75 0.75 0.75 0.75 ]
[ 0.75 0.75 0.75 0.75 0.75 0.75 0.75 0.75 0.75 0.75 0.75 0.75 0.75 0.75 0.75 0.75 0.75 ]
[ 0 0 0 0 0 0 0 0 0.75 0.75 0.75 0.75 0.75 0.75 0.75 0.75 0.75 ]
[ 0 0 0 0 0 0 0 0 0.75 0.75 0.75 0.75 0.75 0.75 0.75 0.75 0.75 ]
[ 0 0 0 0 0 0 0 0 0.75 0.75 0.75 0.75 0.75 0.75 0.75 0.75 0.75 ]

quotient solution initiale: 13.8
solution initiale admissible
[ 0 0 0 0 0 0 0 0 0 0 0 0 0 0 0 0 0 ]
[ 0 0 0 0 0 0 0 0 0 0 0 0 0 0 0 0 0 ]
[ 0 0 0 0 0 0 0 0 0 0 0 0 0 0 0 0 0 ]
[ 0 0 0 0 0 0 0 0 0 0 0 1 0 0 0 0 0 ]
[ 0 0 0 0 0 0 0 0 0 0 0 0 0 0 0 0 0 ]
[ 0 0 0 0 0 0 0 0 0 0 0 0 0 0 0 0 0 ]
[ 0 0 0 0 0 0 0 0 0 0 0 0 0 0 0 0 0 ]
[ 0 0 0 0 0 0 0 0 0 0 0 0 0 0 0 0 0 ]
[ 0 0 0 0 0 0 0 0 0 0 0 0 0 0 0 0 0 ]
[ 0 0 0 0 0 0 0 0 0 0 0 0 0 0 0 0 0 ]
[ 0 0 0 0 0 0 0 0 0 0 0 0 0 0 0 0 0 ]
[ 0 0 0 0 0 0 0 0 0 0 0 0 0 0 0 0 0 ]
[ 0 0 0 0 0 0 0 0 0 0 0 0 0 0 0 0 0 ]
[ 0 0 0 0 0 0 0 0 0 0 0 0 0 0 0 0 0 ]
[ 0 0 0 0 0 0 0 0 0 0 0 0 0 0 0 0 0 ]

Paramètres
Tinit = 1000
phi =0.8
Kmax = 50
r = 50
Itération = 0
Temperature = 1000
Temps de l'éxecution = 1
Meileure solution trouvée jusqu'à présent = 47
Quotient de la meilleure solution trouvee = 3.13613
Itération = 1
Temperature = 800
Temps de l'éxecution = 2
Meileure solution trouvée jusqu'à présent = 74
Quotient de la meilleure solution trouvee = 2.63237
Itération = 2
Temperature = 640
Temps de l'éxecution = 2
Meileure solution trouvée jusqu'à présent = 84
Quotient de la meilleure solution trouvee = 2.12381
Itération = 3
Temperature = 512
Temps de l'éxecution = 3
Meileure solution trouvée jusqu'à présent = 88
Quotient de la meilleure solution trouvee = 2.03098
Itération = 4
Temperature = 409.6
Temps de l'éxecution = 3
Meileure solution trouvée jusqu'à présent = 90
Quotient de la meilleure solution trouvee = 2.00097
Itération = 5
Temperature = 327.68
Temps de l'éxecution = 4
Meileure solution trouvée jusqu'à présent = 90
Quotient de la meilleure solution trouvee = 2.00097
Temps d'éxécution total = 15
[ 0 0 0 0 0 1 0 1 0 0 1 1 0 0 0 1 1 ]
[ 0 0 0 0 1 1 1 1 1 1 1 1 0 0 1 1 1 ]
[ 0 0 0 0 1 1 1 1 1 1 1 1 0 1 1 1 1 ]
[ 0 0 0 0 0 1 1 1 1 1 1 1 1 1 0 1 1 ]
[ 0 0 0 0 0 1 0 1 0 1 0 1 1 1 0 1 1 ]
[ 0 0 0 0 0 0 1 1 1 1 0 1 1 1 0 1 1 ]
[ 0 0 0 0 0 0 0 1 1 1 0 1 1 1 0 1 1 ]
[ 0 0 0 0 0 0 0 0 0 0 1 1 1 1 0 1 1 ]
[ 0 0 0 0 0 0 0 0 0 0 0 1 1 1 0 1 1 ]
[ 0 0 0 0 0 0 0 0 0 0 1 1 1 1 0 1 1 ]
[ 0 0 0 0 0 0 0 0 0 0 0 1 1 1 1 0 0 ]
[ 0 0 0 0 0 0 0 0 0 0 1 1 0 1 0 0 0 ]
[ 0 0 0 0 0 0 0 0 0 0 0 0 0 1 0 0 0 ]
[ 0 0 0 0 0 0 0 0 0 0 0 0 0 0 0 0 0 ]
[ 0 0 0 0 0 0 0 0 0 0 0 0 0 0 0 0 0 ]

valeur 90
quotient 2.00097
