n=17/nm=15/n[ 0 0 0.56 0.56 0.86 0.86 0.86 0.86 0.86 0.86 0.86 0.86 1.3 1.3 1.3 1.3 1.3 ]
[ 0 0 0.56 0.56 0.86 0.86 0.86 0.86 0.86 0.86 0.86 0.86 1.3 1.3 1.3 1.3 1.3 ]
[ 0 0 0.56 0.56 0.86 0.86 0.86 0.56 0.56 0.56 0.56 0.56 1.3 1.3 1.3 1.3 1.3 ]
[ 0 0 0.56 0.56 0.86 0.86 0.86 0.56 0.56 0.56 0.56 0.56 1.3 1.3 1.3 1.3 1.3 ]
[ 0 0 0.56 0.56 0.86 0.86 0.86 0.56 0.56 0.56 0.56 0.56 1.3 1.3 1.3 1.3 1.3 ]
[ 0 0 0.56 0.56 0.86 0.86 0.86 0.86 0.86 0.86 0.86 0.86 1.3 1.3 1.3 1.3 1.3 ]
[ 0 0 0.56 0.56 0.86 0.86 0.86 0.86 0.86 0.86 0.86 0.86 1.3 1.3 1.3 1.3 1.3 ]
[ 0 0 0.56 0.56 0.86 0.86 0.86 0.86 0.86 0.86 0.86 0.86 0.86 0.86 0.86 0.86 0.86 ]
[ 0.054 0.054 0.054 0.054 0.054 0.054 0.054 0.054 0.054 0.054 0.86 0.86 0.86 0.86 0.86 0.86 0.86 ]
[ 0.054 0.054 0.054 0.054 0.054 0.054 0.054 0.054 0.054 0.054 0.86 0.86 0.86 0.86 0.86 0.86 0.86 ]
[ 0.054 0.054 0.054 0.054 0.054 0.054 0.054 0.054 0.054 0.054 0.86 0.86 0.86 0.86 0.86 0.86 0.86 ]
[ 0.054 0.054 0.054 0.054 0.054 0.054 0.054 0.054 0.054 0.054 0.86 0.86 0.86 0.86 0.86 0.86 0.86 ]
[ 0.054 0.054 0.054 0.054 0.054 0.054 0.054 0.054 0.054 0.054 0.86 0.86 0.86 0.86 0.86 0.86 0.86 ]
[ 4.3 4.3 4.3 4.3 4.3 4.3 4.3 0.054 0.054 0.054 0 0 0 0 0 0 0 ]
[ 4.3 4.3 4.3 4.3 4.3 4.3 4.3 0.054 0.054 0.054 0 0 0 0 0 0 0 ]

[ 0 0 0.62 0.62 0.56 0.56 0.56 0.56 0.56 0.56 0.56 0.56 0.5 0.5 0.5 0.5 0.5 ]
[ 0 0 0.62 0.62 0.56 0.56 0.56 0.56 0.56 0.56 0.56 0.56 0.5 0.5 0.5 0.5 0.5 ]
[ 0 0 0.62 0.62 0.56 0.56 0.56 0.62 0.62 0.62 0.62 0.62 0.5 0.5 0.5 0.5 0.5 ]
[ 0 0 0.62 0.62 0.56 0.56 0.56 0.62 0.62 0.62 0.62 0.62 0.5 0.5 0.5 0.5 0.5 ]
[ 0 0 0.62 0.62 0.56 0.56 0.56 0.62 0.62 0.62 0.62 0.62 0.5 0.5 0.5 0.5 0.5 ]
[ 0 0 0.62 0.62 0.56 0.56 0.56 0.56 0.56 0.56 0.56 0.56 0.5 0.5 0.5 0.5 0.5 ]
[ 0 0 0.62 0.62 0.56 0.56 0.56 0.56 0.56 0.56 0.56 0.56 0.5 0.5 0.5 0.5 0.5 ]
[ 0 0 0.62 0.62 0.56 0.56 0.56 0.56 0.56 0.56 0.56 0.56 0.56 0.56 0.56 0.56 0.56 ]
[ 0.72 0.72 0.72 0.72 0.72 0.72 0.72 0.72 0.72 0.72 0.56 0.56 0.56 0.56 0.56 0.56 0.56 ]
[ 0.72 0.72 0.72 0.72 0.72 0.72 0.72 0.72 0.72 0.72 0.56 0.56 0.56 0.56 0.56 0.56 0.56 ]
[ 0.72 0.72 0.72 0.72 0.72 0.72 0.72 0.72 0.72 0.72 0.56 0.56 0.56 0.56 0.56 0.56 0.56 ]
[ 0.72 0.72 0.72 0.72 0.72 0.72 0.72 0.72 0.72 0.72 0.56 0.56 0.56 0.56 0.56 0.56 0.56 ]
[ 0.72 0.72 0.72 0.72 0.72 0.72 0.72 0.72 0.72 0.72 0.56 0.56 0.56 0.56 0.56 0.56 0.56 ]
[ 0.3 0.3 0.3 0.3 0.3 0.3 0.3 0.72 0.72 0.72 0 0 0 0 0 0 0 ]
[ 0.3 0.3 0.3 0.3 0.3 0.3 0.3 0.72 0.72 0.72 0 0 0 0 0 0 0 ]

[ 0 0 0.2 0.2 0.2 0.2 0.2 0.2 0.2 0.2 0.2 0.2 1 1 1 1 1 ]
[ 0 0 0.2 0.2 0.2 0.2 0.2 0.2 0.2 0.2 0.2 0.2 1 1 1 1 1 ]
[ 0 0 0.2 0.2 0.2 0.2 0.2 1 1 1 1 1 1 1 1 1 1 ]
[ 0 0 0.2 0.2 0.2 0.2 0.2 1 1 1 1 1 1 1 1 1 1 ]
[ 0 0 0.2 0.2 0.2 0.2 0.2 1 1 1 1 1 1 1 1 1 1 ]
[ 0 0 0.2 0.2 0.2 0.2 0.2 0.2 0.2 0.2 0.2 0.2 1 1 1 1 1 ]
[ 0 0 0.2 0.2 0.2 0.2 0.2 0.2 0.2 0.2 0.2 0.2 1 1 1 1 1 ]
[ 0 0 0.2 0.2 0.2 0.2 0.2 0.2 0.2 0.2 0.2 0.2 0.2 0.2 0.2 0.2 0.2 ]
[ 0.2 0.2 0.2 0.2 0.2 0.2 0.2 0.2 0.2 0.2 0.2 0.2 0.2 0.2 0.2 0.2 0.2 ]
[ 0.2 0.2 0.2 0.2 0.2 0.2 0.2 0.2 0.2 0.2 0.2 0.2 0.2 0.2 0.2 0.2 0.2 ]
[ 0.2 0.2 0.2 0.2 0.2 0.2 0.2 0.2 0.2 0.2 0.2 0.2 0.2 0.2 0.2 0.2 0.2 ]
[ 0.2 0.2 0.2 0.2 0.2 0.2 0.2 0.2 0.2 0.2 0.2 0.2 0.2 0.2 0.2 0.2 0.2 ]
[ 0.2 0.2 0.2 0.2 0.2 0.2 0.2 0.2 0.2 0.2 0.2 0.2 0.2 0.2 0.2 0.2 0.2 ]
[ 2 2 2 2 2 2 2 0.2 0.2 0.2 0 0 0 0 0 0 0 ]
[ 2 2 2 2 2 2 2 0.2 0.2 0.2 0 0 0 0 0 0 0 ]

[ 0 0 0.62 0.62 0.56 0.56 0.56 0.56 0.56 0.56 0.56 0.56 0.5 0.5 0.5 0.5 0.5 ]
[ 0 0 0.62 0.62 0.56 0.56 0.56 0.56 0.56 0.56 0.56 0.56 0.5 0.5 0.5 0.5 0.5 ]
[ 0 0 0.62 0.62 0.56 0.56 0.56 0.62 0.62 0.62 0.62 0.62 0.5 0.5 0.5 0.5 0.5 ]
[ 0 0 0.62 0.62 0.56 0.56 0.56 0.62 0.62 0.62 0.62 0.62 0.5 0.5 0.5 0.5 0.5 ]
[ 0 0 0.62 0.62 0.56 0.56 0.56 0.62 0.62 0.62 0.62 0.62 0.5 0.5 0.5 0.5 0.5 ]
[ 0 0 0.62 0.62 0.56 0.56 0.56 0.56 0.56 0.56 0.56 0.56 0.5 0.5 0.5 0.5 0.5 ]
[ 0 0 0.62 0.62 0.56 0.56 0.56 0.56 0.56 0.56 0.56 0.56 0.5 0.5 0.5 0.5 0.5 ]
[ 0 0 0.62 0.62 0.56 0.56 0.56 0.56 0.56 0.56 0.56 0.56 0.56 0.56 0.56 0.56 0.56 ]
[ 0.72 0.72 0.72 0.72 0.72 0.72 0.72 0.72 0.72 0.72 0.56 0.56 0.56 0.56 0.56 0.56 0.56 ]
[ 0.72 0.72 0.72 0.72 0.72 0.72 0.72 0.72 0.72 0.72 0.56 0.56 0.56 0.56 0.56 0.56 0.56 ]
[ 0.72 0.72 0.72 0.72 0.72 0.72 0.72 0.72 0.72 0.72 0.56 0.56 0.56 0.56 0.56 0.56 0.56 ]
[ 0.72 0.72 0.72 0.72 0.72 0.72 0.72 0.72 0.72 0.72 0.56 0.56 0.56 0.56 0.56 0.56 0.56 ]
[ 0.72 0.72 0.72 0.72 0.72 0.72 0.72 0.72 0.72 0.72 0.56 0.56 0.56 0.56 0.56 0.56 0.56 ]
[ 0.3 0.3 0.3 0.3 0.3 0.3 0.3 0.72 0.72 0.72 0 0 0 0 0 0 0 ]
[ 0.3 0.3 0.3 0.3 0.3 0.3 0.3 0.72 0.72 0.72 0 0 0 0 0 0 0 ]

quotient solution initiale: 6.3
solution initiale admissible
[ 0 0 0 0 0 0 0 0 0 0 0 0 0 0 0 0 0 ]
[ 0 0 0 0 0 0 0 0 0 0 0 0 0 0 0 0 0 ]
[ 0 0 0 0 0 0 0 0 0 0 0 0 0 0 0 0 0 ]
[ 0 0 0 0 0 0 0 0 0 0 0 0 0 0 0 0 0 ]
[ 0 0 0 0 0 0 0 0 0 0 0 0 0 0 0 0 0 ]
[ 0 0 0 0 0 0 0 0 0 0 0 0 0 0 0 0 0 ]
[ 0 0 0 0 0 0 0 0 0 0 0 0 0 0 0 0 0 ]
[ 0 0 0 0 0 0 0 0 0 0 0 0 0 0 0 0 0 ]
[ 0 0 0 0 0 0 0 0 0 0 0 0 0 0 0 0 0 ]
[ 0 0 0 0 0 0 0 0 0 0 0 0 0 0 0 0 0 ]
[ 0 0 0 0 0 0 0 0 0 0 0 0 0 0 0 0 0 ]
[ 0 0 0 0 0 0 0 0 0 0 0 0 0 0 0 0 0 ]
[ 0 0 0 0 0 0 0 0 0 0 0 0 0 0 0 0 0 ]
[ 1 0 0 0 0 0 0 0 0 0 0 0 0 0 0 0 0 ]
[ 0 0 0 0 0 0 0 0 0 0 0 0 0 0 0 0 0 ]

Paramètres
Tinit = 1000
phi =0.8
Kmax = 50
r = 50
Itération = 0
Temperature = 1000
Temps de l'éxecution = 1
Meileure solution trouvée jusqu'à présent = 27
Quotient de la meilleure solution trouvee = 2.26651
Itération = 1
Temperature = 800
Temps de l'éxecution = 2
Meileure solution trouvée jusqu'à présent = 29
Quotient de la meilleure solution trouvee = 2.0802
Itération = 2
Temperature = 640
Temps de l'éxecution = 3
Meileure solution trouvée jusqu'à présent = 29
Quotient de la meilleure solution trouvee = 2.0802
Temps d'éxécution total = 6
[ 0 0 0 0 0 0 0 0 0 0 0 0 0 0 0 0 0 ]
[ 0 0 0 0 0 0 0 0 0 0 0 0 0 0 0 0 0 ]
[ 0 0 0 0 0 0 0 0 0 0 0 0 0 0 0 0 0 ]
[ 0 0 0 0 0 0 0 0 0 0 0 0 0 0 0 0 0 ]
[ 0 0 0 0 0 0 0 0 0 0 0 0 0 0 0 0 0 ]
[ 0 0 0 0 0 0 0 0 0 0 0 0 0 0 0 0 0 ]
[ 0 0 0 0 0 0 0 0 0 0 0 0 0 0 0 0 0 ]
[ 0 0 0 0 0 0 0 0 0 0 0 0 0 0 0 0 0 ]
[ 0 0 0 0 0 0 0 0 0 0 0 0 0 0 0 0 0 ]
[ 0 0 0 0 1 0 0 0 0 0 0 0 0 0 0 0 0 ]
[ 0 0 0 1 1 1 0 0 0 0 0 0 0 0 0 0 0 ]
[ 0 1 1 1 1 0 0 0 0 0 0 0 0 0 0 0 0 ]
[ 0 1 0 1 1 1 1 1 0 0 0 0 0 0 0 0 0 ]
[ 1 1 1 1 1 1 1 0 0 0 0 0 0 0 0 0 0 ]
[ 1 1 1 1 1 1 1 1 0 0 0 0 0 0 0 0 0 ]

valeur 29
quotient 2.0802
