n=17/nm=15/n[ 0 0.05 0.05 0.05 0.05 0.05 0.05 0.05 0.3 0.3 0.3 0.3 0.3 0.3 0.3 0.3 0.3 ]
[ 0 0.05 0.05 0.05 0.05 0.05 0.05 0.05 0.3 0.3 0.3 0.3 0.3 0.3 0.3 0.3 0.3 ]
[ 0 0.05 0.05 0.05 0.05 0.05 0.05 0.05 0.3 0.3 0.3 0.3 0.3 13.6 13.6 13.6 13.6 ]
[ 0 0.05 0.05 0.05 0.05 0.05 0.05 0.05 0.3 0.3 0.3 0.3 0.3 13.6 13.6 13.6 13.6 ]
[ 0 0.05 0.05 0.05 0.05 0.05 5.85 5.85 5.85 5.85 5.85 0.3 0.3 13.6 13.6 13.6 13.6 ]
[ 0 0.05 0.05 0.05 0.05 0.05 5.85 5.85 5.85 5.85 5.85 0.3 0.3 13.6 13.6 13.6 13.6 ]
[ 0 0.05 0.05 0.05 0.05 0.05 5.85 5.85 5.85 5.85 5.85 0.3 0.3 13.6 13.6 13.6 13.6 ]
[ 0 0.05 0.05 0.05 0.05 0.05 0.05 0.05 0.3 0.3 0.3 0.3 0.3 13.6 13.6 13.6 13.6 ]
[ 0 0.05 0.05 0.05 0.05 0.05 0.05 0.05 0.3 0.3 0.3 0.3 0.3 13.6 13.6 13.6 13.6 ]
[ 0 0.05 0.05 0.05 0.05 0.05 0.05 0.05 0.3 0.3 0.3 0.3 0.3 0.3 0.3 0.3 0.3 ]
[ 0 0.05 0.05 0.05 0.05 0.05 0.05 0.05 0.3 0.3 0.3 0.3 0.3 0.3 0.054 0.054 0.054 ]
[ 0 0.05 0.05 0.05 0.05 0.05 0.05 0.05 0.3 0.3 0.3 0.3 0.3 0.3 0.054 0.054 0.054 ]
[ 0 0 0 0 0 0.05 0.05 0.05 0.3 0.3 0.3 0.3 0.3 0.3 0.054 0.054 0.054 ]
[ 0 0 0 0 0 0.05 0.05 0.05 0.3 0.3 0.3 0.3 0.3 0.3 0.054 0.054 0.054 ]
[ 0 0 0 0 0 0.05 0.05 0.05 0.05 0.05 0.05 0.05 0.05 0.05 0.054 0.054 0.054 ]

[ 0 0.75 0.75 0.75 0.75 0.75 0.75 0.75 0.67 0.67 0.67 0.67 0.67 0.67 0.67 0.67 0.67 ]
[ 0 0.75 0.75 0.75 0.75 0.75 0.75 0.75 0.67 0.67 0.67 0.67 0.67 0.67 0.67 0.67 0.67 ]
[ 0 0.75 0.75 0.75 0.75 0.75 0.75 0.75 0.67 0.67 0.67 0.67 0.67 0.125 0.125 0.125 0.125 ]
[ 0 0.75 0.75 0.75 0.75 0.75 0.75 0.75 0.67 0.67 0.67 0.67 0.67 0.125 0.125 0.125 0.125 ]
[ 0 0.75 0.75 0.75 0.75 0.75 0.235 0.235 0.235 0.235 0.235 0.67 0.67 0.125 0.125 0.125 0.125 ]
[ 0 0.75 0.75 0.75 0.75 0.75 0.235 0.235 0.235 0.235 0.235 0.67 0.67 0.125 0.125 0.125 0.125 ]
[ 0 0.75 0.75 0.75 0.75 0.75 0.235 0.235 0.235 0.235 0.235 0.67 0.67 0.125 0.125 0.125 0.125 ]
[ 0 0.75 0.75 0.75 0.75 0.75 0.75 0.75 0.67 0.67 0.67 0.67 0.67 0.125 0.125 0.125 0.125 ]
[ 0 0.75 0.75 0.75 0.75 0.75 0.75 0.75 0.67 0.67 0.67 0.67 0.67 0.125 0.125 0.125 0.125 ]
[ 0 0.75 0.75 0.75 0.75 0.75 0.75 0.75 0.67 0.67 0.67 0.67 0.67 0.67 0.67 0.67 0.67 ]
[ 0 0.75 0.75 0.75 0.75 0.75 0.75 0.75 0.67 0.67 0.67 0.67 0.67 0.67 0.72 0.72 0.72 ]
[ 0 0.75 0.75 0.75 0.75 0.75 0.75 0.75 0.67 0.67 0.67 0.67 0.67 0.67 0.72 0.72 0.72 ]
[ 0 0 0 0 0 0.75 0.75 0.75 0.67 0.67 0.67 0.67 0.67 0.67 0.72 0.72 0.72 ]
[ 0 0 0 0 0 0.75 0.75 0.75 0.67 0.67 0.67 0.67 0.67 0.67 0.72 0.72 0.72 ]
[ 0 0 0 0 0 0.75 0.75 0.75 0.75 0.75 0.75 0.75 0.75 0.75 0.72 0.72 0.72 ]

[ 0 0 0 0 0 0 0 0 1 1 1 1 1 1 1 1 1 ]
[ 0 0 0 0 0 0 0 0 1 1 1 1 1 1 1 1 1 ]
[ 0 0 0 0 0 0 0 0 1 1 1 1 1 2 2 2 2 ]
[ 0 0 0 0 0 0 0 0 1 1 1 1 1 2 2 2 2 ]
[ 0 0 0 0 0 0 0.2 0.2 0.2 0.2 0.2 1 1 2 2 2 2 ]
[ 0 0 0 0 0 0 0.2 0.2 0.2 0.2 0.2 1 1 2 2 2 2 ]
[ 0 0 0 0 0 0 0.2 0.2 0.2 0.2 0.2 1 1 2 2 2 2 ]
[ 0 0 0 0 0 0 0 0 1 1 1 1 1 2 2 2 2 ]
[ 0 0 0 0 0 0 0 0 1 1 1 1 1 2 2 2 2 ]
[ 0 0 0 0 0 0 0 0 1 1 1 1 1 1 1 1 1 ]
[ 0 0 0 0 0 0 0 0 1 1 1 1 1 1 0 0 0 ]
[ 0 0 0 0 0 0 0 0 1 1 1 1 1 1 0 0 0 ]
[ 0 0 0 0 0 0 0 0 1 1 1 1 1 1 0 0 0 ]
[ 0 0 0 0 0 0 0 0 1 1 1 1 1 1 0 0 0 ]
[ 0 0 0 0 0 0 0 0 0 0 0 0 0 0 0 0 0 ]

[ 0 0.75 0.75 0.75 0.75 0.75 0.75 0.75 0.67 0.67 0.67 0.67 0.67 0.67 0.67 0.67 0.67 ]
[ 0 0.75 0.75 0.75 0.75 0.75 0.75 0.75 0.67 0.67 0.67 0.67 0.67 0.67 0.67 0.67 0.67 ]
[ 0 0.75 0.75 0.75 0.75 0.75 0.75 0.75 0.67 0.67 0.67 0.67 0.67 0.125 0.125 0.125 0.125 ]
[ 0 0.75 0.75 0.75 0.75 0.75 0.75 0.75 0.67 0.67 0.67 0.67 0.67 0.125 0.125 0.125 0.125 ]
[ 0 0.75 0.75 0.75 0.75 0.75 0.235 0.235 0.235 0.235 0.235 0.67 0.67 0.125 0.125 0.125 0.125 ]
[ 0 0.75 0.75 0.75 0.75 0.75 0.235 0.235 0.235 0.235 0.235 0.67 0.67 0.125 0.125 0.125 0.125 ]
[ 0 0.75 0.75 0.75 0.75 0.75 0.235 0.235 0.235 0.235 0.235 0.67 0.67 0.125 0.125 0.125 0.125 ]
[ 0 0.75 0.75 0.75 0.75 0.75 0.75 0.75 0.67 0.67 0.67 0.67 0.67 0.125 0.125 0.125 0.125 ]
[ 0 0.75 0.75 0.75 0.75 0.75 0.75 0.75 0.67 0.67 0.67 0.67 0.67 0.125 0.125 0.125 0.125 ]
[ 0 0.75 0.75 0.75 0.75 0.75 0.75 0.75 0.67 0.67 0.67 0.67 0.67 0.67 0.67 0.67 0.67 ]
[ 0 0.75 0.75 0.75 0.75 0.75 0.75 0.75 0.67 0.67 0.67 0.67 0.67 0.67 0.72 0.72 0.72 ]
[ 0 0.75 0.75 0.75 0.75 0.75 0.75 0.75 0.67 0.67 0.67 0.67 0.67 0.67 0.72 0.72 0.72 ]
[ 0 0 0 0 0 0.75 0.75 0.75 0.67 0.67 0.67 0.67 0.67 0.67 0.72 0.72 0.72 ]
[ 0 0 0 0 0 0.75 0.75 0.75 0.67 0.67 0.67 0.67 0.67 0.67 0.72 0.72 0.72 ]
[ 0 0 0 0 0 0.75 0.75 0.75 0.75 0.75 0.75 0.75 0.75 0.75 0.72 0.72 0.72 ]

quotient solution initiale: 15.6
solution initiale admissible
[ 0 0 0 0 0 0 0 0 0 0 0 0 0 0 0 0 0 ]
[ 0 0 0 0 0 0 0 0 0 0 0 0 0 0 0 0 0 ]
[ 0 0 0 0 0 0 0 0 0 0 0 0 0 1 0 0 0 ]
[ 0 0 0 0 0 0 0 0 0 0 0 0 0 0 0 0 0 ]
[ 0 0 0 0 0 0 0 0 0 0 0 0 0 0 0 0 0 ]
[ 0 0 0 0 0 0 0 0 0 0 0 0 0 0 0 0 0 ]
[ 0 0 0 0 0 0 0 0 0 0 0 0 0 0 0 0 0 ]
[ 0 0 0 0 0 0 0 0 0 0 0 0 0 0 0 0 0 ]
[ 0 0 0 0 0 0 0 0 0 0 0 0 0 0 0 0 0 ]
[ 0 0 0 0 0 0 0 0 0 0 0 0 0 0 0 0 0 ]
[ 0 0 0 0 0 0 0 0 0 0 0 0 0 0 0 0 0 ]
[ 0 0 0 0 0 0 0 0 0 0 0 0 0 0 0 0 0 ]
[ 0 0 0 0 0 0 0 0 0 0 0 0 0 0 0 0 0 ]
[ 0 0 0 0 0 0 0 0 0 0 0 0 0 0 0 0 0 ]
[ 0 0 0 0 0 0 0 0 0 0 0 0 0 0 0 0 0 ]

Paramètres
Tinit = 1000
phi =0.8
Kmax = 50
r = 50
Itération = 0
Temperature = 1000
Temps de l'éxecution = 2
Meileure solution trouvée jusqu'à présent = 37
Quotient de la meilleure solution trouvee = 6.67389
Itération = 1
Temperature = 800
Temps de l'éxecution = 2
Meileure solution trouvée jusqu'à présent = 56
Quotient de la meilleure solution trouvee = 5.4489
Itération = 2
Temperature = 640
Temps de l'éxecution = 3
Meileure solution trouvée jusqu'à présent = 63
Quotient de la meilleure solution trouvee = 4.3301
Itération = 3
Temperature = 512
Temps de l'éxecution = 3
Meileure solution trouvée jusqu'à présent = 74
Quotient de la meilleure solution trouvee = 3.32126
Itération = 4
Temperature = 409.6
Temps de l'éxecution = 4
Meileure solution trouvée jusqu'à présent = 74
Quotient de la meilleure solution trouvee = 3.32126
Temps d'éxécution total = 14
[ 0 0 0 0 0 0 0 0 0 0 0 0 0 0 0 0 0 ]
[ 0 0 0 0 0 0 0 0 0 0 0 0 0 1 0 1 0 ]
[ 0 0 0 0 0 0 0 0 0 0 1 1 0 1 1 1 1 ]
[ 0 0 0 0 0 0 0 0 0 0 1 1 1 1 1 1 1 ]
[ 0 0 0 0 0 0 1 1 1 1 1 0 1 1 1 1 1 ]
[ 0 0 0 0 0 1 1 1 1 1 1 1 1 1 1 1 1 ]
[ 0 0 0 0 0 0 1 1 1 1 1 0 0 1 1 1 1 ]
[ 0 0 0 0 0 0 1 0 1 1 1 1 1 1 1 1 1 ]
[ 0 0 0 0 0 1 1 1 0 0 0 0 0 1 1 1 1 ]
[ 0 0 0 0 0 0 0 0 0 0 0 0 0 1 0 1 0 ]
[ 0 0 0 0 0 0 0 0 0 0 0 0 0 0 1 1 1 ]
[ 0 0 0 0 0 0 0 0 0 0 0 0 0 0 0 1 1 ]
[ 0 0 0 0 0 0 0 0 0 0 0 0 0 0 1 1 1 ]
[ 0 0 0 0 0 0 0 0 0 0 0 0 0 0 0 0 1 ]
[ 0 0 0 0 0 0 0 0 0 0 0 0 0 0 0 0 0 ]

valeur 74
quotient 3.32126
