n=17/nm=15/n[ 0.05 0.05 0.05 0.05 0.05 0.05 0.05 0.05 0.05 0.05 0.05 0.05 0.05 0 0 0 0 ]
[ 0.05 0.05 0.05 0.05 0.05 0.05 0.05 0.05 0.05 0.05 0.05 0.05 0.05 0 0 0 0 ]
[ 0.05 0.05 0.05 0.05 0.05 0.05 0.05 0.05 0.05 0.05 0.05 0.05 0.05 0 0 0 0 ]
[ 0.05 0.05 0.05 0.05 0.05 0.05 0.05 0.05 0.05 0.05 0.05 0.05 0.05 0 0 0 0 ]
[ 0.05 0.05 0.05 0.05 0.86 0.86 0.86 0.05 0.05 0.05 0.05 0.05 0.05 0 0 0 0 ]
[ 0.05 0.05 0.05 0.05 0.86 0.86 0.86 0.05 0.05 0.05 0.05 0.05 0.05 0 0 0 0 ]
[ 0.05 0.05 0.05 0.05 0.86 0.86 0.86 0.05 0.05 0.05 0.05 0.05 0.05 0.56 0.56 0.56 0.56 ]
[ 0.05 0.05 0.05 0.05 0.05 0.05 0.05 0.05 0.05 0.05 0.05 0.05 0.05 0.56 0.56 0.56 0.56 ]
[ 0.56 0.56 0.05 0.05 0.05 0.05 0.05 0.05 0.05 0.05 0.05 0.05 0.05 0.56 0.56 0.56 0.56 ]
[ 0.56 0.56 0.05 0.05 0.05 0.05 0.05 0.05 0.05 0.05 0.05 0.05 0.05 0.56 0.56 0.56 0.56 ]
[ 0.56 0.56 0.05 0.05 0.05 0.05 0.05 0.05 0.05 0.05 0.05 0.05 0.05 0.56 0.56 0.56 0.56 ]
[ 0.56 0.56 0.05 0.05 0.05 0.05 0.05 0.05 0.05 0.05 0.05 0.05 0.05 0.56 7.7 7.7 7.7 ]
[ 0.56 0.56 0.05 0.05 0.05 0.05 0.05 0.05 0.05 0.05 0.05 0.05 0.05 0.56 7.7 7.7 7.7 ]
[ 0.3 0.3 0.3 0.3 0.3 0.3 0.3 0.3 0.56 0.56 0.56 0.56 0.56 0.56 7.7 7.7 7.7 ]
[ 0.3 0.3 0.3 0.3 0.3 0.3 0.3 0.3 0.56 0.56 0.56 0.56 0.56 0.56 7.7 7.7 7.7 ]

[ 0.75 0.75 0.75 0.75 0.75 0.75 0.75 0.75 0.75 0.75 0.75 0.75 0.75 0 0 0 0 ]
[ 0.75 0.75 0.75 0.75 0.75 0.75 0.75 0.75 0.75 0.75 0.75 0.75 0.75 0 0 0 0 ]
[ 0.75 0.75 0.75 0.75 0.75 0.75 0.75 0.75 0.75 0.75 0.75 0.75 0.75 0 0 0 0 ]
[ 0.75 0.75 0.75 0.75 0.75 0.75 0.75 0.75 0.75 0.75 0.75 0.75 0.75 0 0 0 0 ]
[ 0.75 0.75 0.75 0.75 0.56 0.56 0.56 0.75 0.75 0.75 0.75 0.75 0.75 0 0 0 0 ]
[ 0.75 0.75 0.75 0.75 0.56 0.56 0.56 0.75 0.75 0.75 0.75 0.75 0.75 0 0 0 0 ]
[ 0.75 0.75 0.75 0.75 0.56 0.56 0.56 0.75 0.75 0.75 0.75 0.75 0.75 0.62 0.62 0.62 0.62 ]
[ 0.75 0.75 0.75 0.75 0.75 0.75 0.75 0.75 0.75 0.75 0.75 0.75 0.75 0.62 0.62 0.62 0.62 ]
[ 0.62 0.62 0.75 0.75 0.75 0.75 0.75 0.75 0.75 0.75 0.75 0.75 0.75 0.62 0.62 0.62 0.62 ]
[ 0.62 0.62 0.75 0.75 0.75 0.75 0.75 0.75 0.75 0.75 0.75 0.75 0.75 0.62 0.62 0.62 0.62 ]
[ 0.62 0.62 0.75 0.75 0.75 0.75 0.75 0.75 0.75 0.75 0.75 0.75 0.75 0.62 0.62 0.62 0.62 ]
[ 0.62 0.62 0.75 0.75 0.75 0.75 0.75 0.75 0.75 0.75 0.75 0.75 0.75 0.62 0.18 0.18 0.18 ]
[ 0.62 0.62 0.75 0.75 0.75 0.75 0.75 0.75 0.75 0.75 0.75 0.75 0.75 0.62 0.18 0.18 0.18 ]
[ 0.67 0.67 0.67 0.67 0.67 0.67 0.67 0.67 0.62 0.62 0.62 0.62 0.62 0.62 0.18 0.18 0.18 ]
[ 0.67 0.67 0.67 0.67 0.67 0.67 0.67 0.67 0.62 0.62 0.62 0.62 0.62 0.62 0.18 0.18 0.18 ]

[ 0.2 0.2 0.2 0.2 0.2 0.2 0.2 0.2 0.2 0.2 0.2 0.2 0.2 0 0 0 0 ]
[ 0.2 0.2 0.2 0.2 0.2 0.2 0.2 0.2 0.2 0.2 0.2 0.2 0.2 0 0 0 0 ]
[ 0.2 0.2 0.2 0.2 0.2 0.2 0.2 0.2 0.2 0.2 0.2 0.2 0.2 0 0 0 0 ]
[ 0.2 0.2 0.2 0.2 0.2 0.2 0.2 0.2 0.2 0.2 0.2 0.2 0.2 0 0 0 0 ]
[ 0.2 0.2 0.2 0.2 2 2 2 0.2 0.2 0.2 0.2 0.2 0.2 0 0 0 0 ]
[ 0.2 0.2 0.2 0.2 2 2 2 0.2 0.2 0.2 0.2 0.2 0.2 0 0 0 0 ]
[ 0.2 0.2 0.2 0.2 2 2 2 0.2 0.2 0.2 0.2 0.2 0.2 6 6 6 6 ]
[ 0.2 0.2 0.2 0.2 0.2 0.2 0.2 0.2 0.2 0.2 0.2 0.2 0.2 6 6 6 6 ]
[ 0 0 0.2 0.2 0.2 0.2 0.2 0.2 0.2 0.2 0.2 0.2 0.2 6 6 6 6 ]
[ 0 0 0.2 0.2 0.2 0.2 0.2 0.2 0.2 0.2 0.2 0.2 0.2 6 6 6 6 ]
[ 0 0 0.2 0.2 0.2 0.2 0.2 0.2 0.2 0.2 0.2 0.2 0.2 6 6 6 6 ]
[ 0 0 0.2 0.2 0.2 0.2 0.2 0.2 0.2 0.2 0.2 0.2 0.2 6 6 6 6 ]
[ 0 0 0.2 0.2 0.2 0.2 0.2 0.2 0.2 0.2 0.2 0.2 0.2 6 6 6 6 ]
[ 0 0 0 0 0 0 0 0 6 6 6 6 6 6 6 6 6 ]
[ 0 0 0 0 0 0 0 0 6 6 6 6 6 6 6 6 6 ]

[ 0.75 0.75 0.75 0.75 0.75 0.75 0.75 0.75 0.75 0.75 0.75 0.75 0.75 0 0 0 0 ]
[ 0.75 0.75 0.75 0.75 0.75 0.75 0.75 0.75 0.75 0.75 0.75 0.75 0.75 0 0 0 0 ]
[ 0.75 0.75 0.75 0.75 0.75 0.75 0.75 0.75 0.75 0.75 0.75 0.75 0.75 0 0 0 0 ]
[ 0.75 0.75 0.75 0.75 0.75 0.75 0.75 0.75 0.75 0.75 0.75 0.75 0.75 0 0 0 0 ]
[ 0.75 0.75 0.75 0.75 0.56 0.56 0.56 0.75 0.75 0.75 0.75 0.75 0.75 0 0 0 0 ]
[ 0.75 0.75 0.75 0.75 0.56 0.56 0.56 0.75 0.75 0.75 0.75 0.75 0.75 0 0 0 0 ]
[ 0.75 0.75 0.75 0.75 0.56 0.56 0.56 0.75 0.75 0.75 0.75 0.75 0.75 0.62 0.62 0.62 0.62 ]
[ 0.75 0.75 0.75 0.75 0.75 0.75 0.75 0.75 0.75 0.75 0.75 0.75 0.75 0.62 0.62 0.62 0.62 ]
[ 0.62 0.62 0.75 0.75 0.75 0.75 0.75 0.75 0.75 0.75 0.75 0.75 0.75 0.62 0.62 0.62 0.62 ]
[ 0.62 0.62 0.75 0.75 0.75 0.75 0.75 0.75 0.75 0.75 0.75 0.75 0.75 0.62 0.62 0.62 0.62 ]
[ 0.62 0.62 0.75 0.75 0.75 0.75 0.75 0.75 0.75 0.75 0.75 0.75 0.75 0.62 0.62 0.62 0.62 ]
[ 0.62 0.62 0.75 0.75 0.75 0.75 0.75 0.75 0.75 0.75 0.75 0.75 0.75 0.62 0.18 0.18 0.18 ]
[ 0.62 0.62 0.75 0.75 0.75 0.75 0.75 0.75 0.75 0.75 0.75 0.75 0.75 0.62 0.18 0.18 0.18 ]
[ 0.67 0.67 0.67 0.67 0.67 0.67 0.67 0.67 0.62 0.62 0.62 0.62 0.62 0.62 0.18 0.18 0.18 ]
[ 0.67 0.67 0.67 0.67 0.67 0.67 0.67 0.67 0.62 0.62 0.62 0.62 0.62 0.62 0.18 0.18 0.18 ]

quotient solution initiale: 13.7
solution initiale admissible
[ 0 0 0 0 0 0 0 0 0 0 0 0 0 0 0 0 0 ]
[ 0 0 0 0 0 0 0 0 0 0 0 0 0 0 0 0 0 ]
[ 0 0 0 0 0 0 0 0 0 0 0 0 0 0 0 0 0 ]
[ 0 0 0 0 0 0 0 0 0 0 0 0 0 0 0 0 0 ]
[ 0 0 0 0 0 0 0 0 0 0 0 0 0 0 0 0 0 ]
[ 0 0 0 0 0 0 0 0 0 0 0 0 0 0 0 0 0 ]
[ 0 0 0 0 0 0 0 0 0 0 0 0 0 0 0 0 0 ]
[ 0 0 0 0 0 0 0 0 0 0 0 0 0 0 0 0 0 ]
[ 0 0 0 0 0 0 0 0 0 0 0 0 0 0 0 0 0 ]
[ 0 0 0 0 0 0 0 0 0 0 0 0 0 0 0 0 0 ]
[ 0 0 0 0 0 0 0 0 0 0 0 0 0 0 0 0 0 ]
[ 0 0 0 0 0 0 0 0 0 0 0 0 0 0 1 0 0 ]
[ 0 0 0 0 0 0 0 0 0 0 0 0 0 0 0 0 0 ]
[ 0 0 0 0 0 0 0 0 0 0 0 0 0 0 0 0 0 ]
[ 0 0 0 0 0 0 0 0 0 0 0 0 0 0 0 0 0 ]

Paramètres
Tinit = 1000
phi =0.8
Kmax = 50
r = 50
Itération = 0
Temperature = 1000
Temps de l'éxecution = 2
Meileure solution trouvée jusqu'à présent = 49
Quotient de la meilleure solution trouvee = 5.9748
Itération = 1
Temperature = 800
Temps de l'éxecution = 3
Meileure solution trouvée jusqu'à présent = 53
Quotient de la meilleure solution trouvee = 4.85216
Itération = 2
Temperature = 640
Temps de l'éxecution = 2
Meileure solution trouvée jusqu'à présent = 58
Quotient de la meilleure solution trouvee = 3.92127
Itération = 3
Temperature = 512
Temps de l'éxecution = 4
Meileure solution trouvée jusqu'à présent = 60
Quotient de la meilleure solution trouvee = 3.67453
Itération = 4
Temperature = 409.6
Temps de l'éxecution = 3
Meileure solution trouvée jusqu'à présent = 66
Quotient de la meilleure solution trouvee = 3.10406
Itération = 5
Temperature = 327.68
Temps de l'éxecution = 3
Meileure solution trouvée jusqu'à présent = 68
Quotient de la meilleure solution trouvee = 2.95489
Itération = 6
Temperature = 262.144
Temps de l'éxecution = 3
Meileure solution trouvée jusqu'à présent = 69
Quotient de la meilleure solution trouvee = 2.89758
Itération = 7
Temperature = 209.715
Temps de l'éxecution = 4
Meileure solution trouvée jusqu'à présent = 71
Quotient de la meilleure solution trouvee = 2.76912
Itération = 8
Temperature = 167.772
Temps de l'éxecution = 3
Meileure solution trouvée jusqu'à présent = 75
Quotient de la meilleure solution trouvee = 2.53855
Itération = 9
Temperature = 134.218
Temps de l'éxecution = 4
Meileure solution trouvée jusqu'à présent = 85
Quotient de la meilleure solution trouvee = 2.12854
Itération = 10
Temperature = 107.374
Temps de l'éxecution = 5
Meileure solution trouvée jusqu'à présent = 100
Quotient de la meilleure solution trouvee = 2.02269
Itération = 11
Temperature = 85.8994
Temps de l'éxecution = 5
Meileure solution trouvée jusqu'à présent = 100
Quotient de la meilleure solution trouvee = 2.02269
Temps d'éxécution total = 41
[ 0 0 0 0 0 0 0 0 0 0 0 0 0 0 0 0 0 ]
[ 0 0 0 0 0 0 0 0 0 0 0 0 0 0 0 0 0 ]
[ 0 0 0 0 0 0 0 0 0 0 1 0 0 0 0 0 0 ]
[ 0 0 0 1 1 0 0 0 0 1 1 1 0 0 0 0 0 ]
[ 0 0 0 0 1 1 1 1 1 1 1 1 1 0 0 0 0 ]
[ 0 0 0 0 1 1 1 0 0 1 0 0 0 0 0 0 0 ]
[ 0 0 0 0 1 1 1 0 0 1 1 1 0 1 1 1 1 ]
[ 0 0 0 0 0 0 0 0 0 1 1 0 1 1 1 1 1 ]
[ 0 0 0 0 0 0 0 0 0 1 0 1 1 1 1 1 1 ]
[ 0 0 0 0 0 0 0 0 0 1 1 1 0 1 1 1 1 ]
[ 0 0 0 0 1 0 1 0 1 1 0 1 1 1 1 1 1 ]
[ 0 0 0 0 1 1 1 1 1 0 1 0 0 1 1 1 1 ]
[ 0 0 0 0 0 0 0 1 0 1 1 1 0 1 1 1 1 ]
[ 0 0 0 0 0 0 1 1 1 1 1 1 1 1 1 1 1 ]
[ 0 0 0 0 0 0 1 1 1 1 1 1 1 1 1 1 1 ]

valeur 100
quotient 2.02269
