n=25/nm=20/n[ 0 0 0 0.3 0.3 0.3 0.3 0.3 0.3 0.3 0.3 0.3 0.3 0.3 0.3 0.3 0.3 0.3 0.3 0.3 0.3 0.3 0.3 0.3 0.3 ]
[ 0 0 0 0.3 0.3 0.3 0.3 0.3 0.3 0.3 0.3 0.3 0.3 0.3 0.3 0.3 0.3 0.3 0.3 0.3 0.3 0.3 0.3 0.3 0.3 ]
[ 0 0 0 0.3 0.3 0.3 0.3 0.3 0.3 0.3 0.3 0.86 0.86 0.86 0.86 0.86 0.86 0.86 0.86 0.86 0.86 0.86 0.3 0.3 0.3 ]
[ 0 0 0 0.3 0.3 0.3 0.3 0.3 0.3 0.3 0.3 0.86 0.86 0.86 0.86 0.86 0.86 0.86 0.86 0.86 0.86 0.86 0.3 0.3 0.3 ]
[ 0 0 0 0.3 0.3 0.3 0.3 0.3 0.3 0.3 0.3 0.86 0.86 0.86 0.86 0.86 0.86 0.86 0.86 0.86 0.86 0.86 0.3 0.3 0.3 ]
[ 0 0 0 0.3 0.3 0.3 0.05 0.05 0.05 0.05 0.05 0.86 0.86 0.86 0.86 0.86 0.86 0.86 0.86 0.86 0.86 0.86 0.3 0.3 0.3 ]
[ 0 0 0 0.3 0.3 0.3 0.05 0.05 0.05 0.05 0.05 0.86 0.86 0.86 0.86 0.86 0.86 0.86 0.86 0.86 0.86 0.86 0.3 0.3 0.3 ]
[ 0 0 0 0.3 0.3 0.3 0.05 0.05 0.05 0.05 0.05 0.86 0.86 0.86 0.86 0.86 0.86 0.86 0.86 0.86 0.86 0.86 0.3 0.3 0.3 ]
[ 0 0 0 0.3 0.3 0.3 0.05 0.05 0.05 0.05 0.05 0.86 0.86 0.86 0.86 0.86 0.86 0.86 0.86 0.86 0.86 0.86 0.3 0.3 0.3 ]
[ 0 0 0 0.3 0.3 0.3 0.05 0.05 0.05 0.05 0.05 0.05 0.05 0.05 0.05 0.05 0.05 0.05 0.05 0.3 0.3 0.3 0.3 0.3 0.3 ]
[ 0 0 0 0.3 0.3 0.3 0.05 0.05 0.05 0.05 0.05 0.05 0.05 0.05 0.05 0.05 0.05 0.05 0.05 0.3 0.3 0.3 0.3 0.3 0.3 ]
[ 0 0 0 0.3 0.3 0.3 0.05 0.05 0.05 0.05 0.05 0.05 0.05 0.05 0.05 0.05 0.05 0.05 0.05 0.3 0.3 0.3 0.3 0.3 0.3 ]
[ 0 0 0 0.3 0.3 0.3 0.05 0.05 0.05 0.05 0.05 0.05 0.05 0.05 0.05 0.05 0.05 0.05 0.05 0.3 0.3 0.3 0.3 0.3 0.3 ]
[ 0 0 0 0.3 0.3 0.3 0.05 0.05 0.05 0.05 1.3 1.3 1.3 1.3 1.3 0.05 0.05 0.05 0.05 0.3 0.3 0.3 0.3 0.3 0.3 ]
[ 0 0 0 0.3 0.3 0.3 0.05 0.05 0.05 0.05 1.3 2 2 2 2 2 2 2 0.05 0.3 0.3 0.3 0.3 0.3 0.3 ]
[ 0 0 0 0.3 0.3 0.3 0.05 0.05 0.05 0.05 1.3 2 2 2 2 2 2 2 0.05 0.3 0.3 0.3 0.3 0.3 0.3 ]
[ 0 0 0 0.3 0.3 0.3 0.05 0.05 0.05 0.05 1.3 2 2 2 2 2 2 2 0.05 0.3 0.3 0.3 0.3 0.3 0.3 ]
[ 0 0 0 0.3 0.3 0.3 0.05 0.05 0.05 0.05 1.3 1.3 1.3 1.3 1.3 0.05 0.05 0.05 0.05 0.3 0.3 0.3 0.3 0.3 0.3 ]
[ 0 0 0 0.3 0.3 0.3 0.05 0.05 0.05 0.05 0.05 0.05 0.05 0.05 0.05 0.05 0.05 0.05 0.05 0.3 0.3 0.3 0.3 0.3 0.3 ]
[ 0 0 0 0.3 0.3 0.3 0.05 0.05 0.05 0.05 0.05 0.05 0.05 0.05 0.05 0.05 0.05 0.05 0.05 0.3 0.3 0.3 0.3 0.3 0.3 ]

[ 0 0 0 0.67 0.67 0.67 0.67 0.67 0.67 0.67 0.67 0.67 0.67 0.67 0.67 0.67 0.67 0.67 0.67 0.67 0.67 0.67 0.67 0.67 0.67 ]
[ 0 0 0 0.67 0.67 0.67 0.67 0.67 0.67 0.67 0.67 0.67 0.67 0.67 0.67 0.67 0.67 0.67 0.67 0.67 0.67 0.67 0.67 0.67 0.67 ]
[ 0 0 0 0.67 0.67 0.67 0.67 0.67 0.67 0.67 0.67 0.56 0.56 0.56 0.56 0.56 0.56 0.56 0.56 0.56 0.56 0.56 0.67 0.67 0.67 ]
[ 0 0 0 0.67 0.67 0.67 0.67 0.67 0.67 0.67 0.67 0.56 0.56 0.56 0.56 0.56 0.56 0.56 0.56 0.56 0.56 0.56 0.67 0.67 0.67 ]
[ 0 0 0 0.67 0.67 0.67 0.67 0.67 0.67 0.67 0.67 0.56 0.56 0.56 0.56 0.56 0.56 0.56 0.56 0.56 0.56 0.56 0.67 0.67 0.67 ]
[ 0 0 0 0.67 0.67 0.67 0.75 0.75 0.75 0.75 0.75 0.56 0.56 0.56 0.56 0.56 0.56 0.56 0.56 0.56 0.56 0.56 0.67 0.67 0.67 ]
[ 0 0 0 0.67 0.67 0.67 0.75 0.75 0.75 0.75 0.75 0.56 0.56 0.56 0.56 0.56 0.56 0.56 0.56 0.56 0.56 0.56 0.67 0.67 0.67 ]
[ 0 0 0 0.67 0.67 0.67 0.75 0.75 0.75 0.75 0.75 0.56 0.56 0.56 0.56 0.56 0.56 0.56 0.56 0.56 0.56 0.56 0.67 0.67 0.67 ]
[ 0 0 0 0.67 0.67 0.67 0.75 0.75 0.75 0.75 0.75 0.56 0.56 0.56 0.56 0.56 0.56 0.56 0.56 0.56 0.56 0.56 0.67 0.67 0.67 ]
[ 0 0 0 0.67 0.67 0.67 0.75 0.75 0.75 0.75 0.75 0.75 0.75 0.75 0.75 0.75 0.75 0.75 0.75 0.67 0.67 0.67 0.67 0.67 0.67 ]
[ 0 0 0 0.67 0.67 0.67 0.75 0.75 0.75 0.75 0.75 0.75 0.75 0.75 0.75 0.75 0.75 0.75 0.75 0.67 0.67 0.67 0.67 0.67 0.67 ]
[ 0 0 0 0.67 0.67 0.67 0.75 0.75 0.75 0.75 0.75 0.75 0.75 0.75 0.75 0.75 0.75 0.75 0.75 0.67 0.67 0.67 0.67 0.67 0.67 ]
[ 0 0 0 0.67 0.67 0.67 0.75 0.75 0.75 0.75 0.75 0.75 0.75 0.75 0.75 0.75 0.75 0.75 0.75 0.67 0.67 0.67 0.67 0.67 0.67 ]
[ 0 0 0 0.67 0.67 0.67 0.75 0.75 0.75 0.75 0.5 0.5 0.5 0.5 0.5 0.75 0.75 0.75 0.75 0.67 0.67 0.67 0.67 0.67 0.67 ]
[ 0 0 0 0.67 0.67 0.67 0.75 0.75 0.75 0.75 0.5 0.43 0.43 0.43 0.43 0.43 0.43 0.43 0.75 0.67 0.67 0.67 0.67 0.67 0.67 ]
[ 0 0 0 0.67 0.67 0.67 0.75 0.75 0.75 0.75 0.5 0.43 0.43 0.43 0.43 0.43 0.43 0.43 0.75 0.67 0.67 0.67 0.67 0.67 0.67 ]
[ 0 0 0 0.67 0.67 0.67 0.75 0.75 0.75 0.75 0.5 0.43 0.43 0.43 0.43 0.43 0.43 0.43 0.75 0.67 0.67 0.67 0.67 0.67 0.67 ]
[ 0 0 0 0.67 0.67 0.67 0.75 0.75 0.75 0.75 0.5 0.5 0.5 0.5 0.5 0.75 0.75 0.75 0.75 0.67 0.67 0.67 0.67 0.67 0.67 ]
[ 0 0 0 0.67 0.67 0.67 0.75 0.75 0.75 0.75 0.75 0.75 0.75 0.75 0.75 0.75 0.75 0.75 0.75 0.67 0.67 0.67 0.67 0.67 0.67 ]
[ 0 0 0 0.67 0.67 0.67 0.75 0.75 0.75 0.75 0.75 0.75 0.75 0.75 0.75 0.75 0.75 0.75 0.75 0.67 0.67 0.67 0.67 0.67 0.67 ]

[ 0 0 0 0 0 0 0 0 0 0 0 0 0 0 0 0 0 0 0 0 0 0 0 0 0 ]
[ 0 0 0 0 0 0 0 0 0 0 0 0 0 0 0 0 0 0 0 0 0 0 0 0 0 ]
[ 0 0 0 0 0 0 0 0 0 0 0 0.2 0.2 0.2 0.2 0.2 0.2 0.2 0.2 0.2 0.2 0.2 0 0 0 ]
[ 0 0 0 0 0 0 0 0 0 0 0 0.2 0.2 0.2 0.2 0.2 0.2 0.2 0.2 0.2 0.2 0.2 0 0 0 ]
[ 0 0 0 0 0 0 0 0 0 0 0 0.2 0.2 0.2 0.2 0.2 0.2 0.2 0.2 0.2 0.2 0.2 0 0 0 ]
[ 0 0 0 0 0 0 0.2 0.2 0.2 0.2 0.2 0.2 0.2 0.2 0.2 0.2 0.2 0.2 0.2 0.2 0.2 0.2 0 0 0 ]
[ 0 0 0 0 0 0 0.2 0.2 0.2 0.2 0.2 0.2 0.2 0.2 0.2 0.2 0.2 0.2 0.2 0.2 0.2 0.2 0 0 0 ]
[ 0 0 0 0 0 0 0.2 0.2 0.2 0.2 0.2 0.2 0.2 0.2 0.2 0.2 0.2 0.2 0.2 0.2 0.2 0.2 0 0 0 ]
[ 0 0 0 0 0 0 0.2 0.2 0.2 0.2 0.2 0.2 0.2 0.2 0.2 0.2 0.2 0.2 0.2 0.2 0.2 0.2 0 0 0 ]
[ 0 0 0 0 0 0 0.2 0.2 0.2 0.2 0.2 0.2 0.2 0.2 0.2 0.2 0.2 0.2 0.2 0 0 0 0 0 0 ]
[ 0 0 0 0 0 0 0.2 0.2 0.2 0.2 0.2 0.2 0.2 0.2 0.2 0.2 0.2 0.2 0.2 0 0 0 0 0 0 ]
[ 0 0 0 0 0 0 0.2 0.2 0.2 0.2 0.2 0.2 0.2 0.2 0.2 0.2 0.2 0.2 0.2 0 0 0 0 0 0 ]
[ 0 0 0 0 0 0 0.2 0.2 0.2 0.2 0.2 0.2 0.2 0.2 0.2 0.2 0.2 0.2 0.2 0 0 0 0 0 0 ]
[ 0 0 0 0 0 0 0.2 0.2 0.2 0.2 8 8 8 8 8 0.2 0.2 0.2 0.2 0 0 0 0 0 0 ]
[ 0 0 0 0 0 0 0.2 0.2 0.2 0.2 8 1 1 1 1 1 1 1 0.2 0 0 0 0 0 0 ]
[ 0 0 0 0 0 0 0.2 0.2 0.2 0.2 8 1 1 1 1 1 1 1 0.2 0 0 0 0 0 0 ]
[ 0 0 0 0 0 0 0.2 0.2 0.2 0.2 8 1 1 1 1 1 1 1 0.2 0 0 0 0 0 0 ]
[ 0 0 0 0 0 0 0.2 0.2 0.2 0.2 8 8 8 8 8 0.2 0.2 0.2 0.2 0 0 0 0 0 0 ]
[ 0 0 0 0 0 0 0.2 0.2 0.2 0.2 0.2 0.2 0.2 0.2 0.2 0.2 0.2 0.2 0.2 0 0 0 0 0 0 ]
[ 0 0 0 0 0 0 0.2 0.2 0.2 0.2 0.2 0.2 0.2 0.2 0.2 0.2 0.2 0.2 0.2 0 0 0 0 0 0 ]

[ 0 0 0 0.67 0.67 0.67 0.67 0.67 0.67 0.67 0.67 0.67 0.67 0.67 0.67 0.67 0.67 0.67 0.67 0.67 0.67 0.67 0.67 0.67 0.67 ]
[ 0 0 0 0.67 0.67 0.67 0.67 0.67 0.67 0.67 0.67 0.67 0.67 0.67 0.67 0.67 0.67 0.67 0.67 0.67 0.67 0.67 0.67 0.67 0.67 ]
[ 0 0 0 0.67 0.67 0.67 0.67 0.67 0.67 0.67 0.67 0.56 0.56 0.56 0.56 0.56 0.56 0.56 0.56 0.56 0.56 0.56 0.67 0.67 0.67 ]
[ 0 0 0 0.67 0.67 0.67 0.67 0.67 0.67 0.67 0.67 0.56 0.56 0.56 0.56 0.56 0.56 0.56 0.56 0.56 0.56 0.56 0.67 0.67 0.67 ]
[ 0 0 0 0.67 0.67 0.67 0.67 0.67 0.67 0.67 0.67 0.56 0.56 0.56 0.56 0.56 0.56 0.56 0.56 0.56 0.56 0.56 0.67 0.67 0.67 ]
[ 0 0 0 0.67 0.67 0.67 0.75 0.75 0.75 0.75 0.75 0.56 0.56 0.56 0.56 0.56 0.56 0.56 0.56 0.56 0.56 0.56 0.67 0.67 0.67 ]
[ 0 0 0 0.67 0.67 0.67 0.75 0.75 0.75 0.75 0.75 0.56 0.56 0.56 0.56 0.56 0.56 0.56 0.56 0.56 0.56 0.56 0.67 0.67 0.67 ]
[ 0 0 0 0.67 0.67 0.67 0.75 0.75 0.75 0.75 0.75 0.56 0.56 0.56 0.56 0.56 0.56 0.56 0.56 0.56 0.56 0.56 0.67 0.67 0.67 ]
[ 0 0 0 0.67 0.67 0.67 0.75 0.75 0.75 0.75 0.75 0.56 0.56 0.56 0.56 0.56 0.56 0.56 0.56 0.56 0.56 0.56 0.67 0.67 0.67 ]
[ 0 0 0 0.67 0.67 0.67 0.75 0.75 0.75 0.75 0.75 0.75 0.75 0.75 0.75 0.75 0.75 0.75 0.75 0.67 0.67 0.67 0.67 0.67 0.67 ]
[ 0 0 0 0.67 0.67 0.67 0.75 0.75 0.75 0.75 0.75 0.75 0.75 0.75 0.75 0.75 0.75 0.75 0.75 0.67 0.67 0.67 0.67 0.67 0.67 ]
[ 0 0 0 0.67 0.67 0.67 0.75 0.75 0.75 0.75 0.75 0.75 0.75 0.75 0.75 0.75 0.75 0.75 0.75 0.67 0.67 0.67 0.67 0.67 0.67 ]
[ 0 0 0 0.67 0.67 0.67 0.75 0.75 0.75 0.75 0.75 0.75 0.75 0.75 0.75 0.75 0.75 0.75 0.75 0.67 0.67 0.67 0.67 0.67 0.67 ]
[ 0 0 0 0.67 0.67 0.67 0.75 0.75 0.75 0.75 0.5 0.5 0.5 0.5 0.5 0.75 0.75 0.75 0.75 0.67 0.67 0.67 0.67 0.67 0.67 ]
[ 0 0 0 0.67 0.67 0.67 0.75 0.75 0.75 0.75 0.5 0.43 0.43 0.43 0.43 0.43 0.43 0.43 0.75 0.67 0.67 0.67 0.67 0.67 0.67 ]
[ 0 0 0 0.67 0.67 0.67 0.75 0.75 0.75 0.75 0.5 0.43 0.43 0.43 0.43 0.43 0.43 0.43 0.75 0.67 0.67 0.67 0.67 0.67 0.67 ]
[ 0 0 0 0.67 0.67 0.67 0.75 0.75 0.75 0.75 0.5 0.43 0.43 0.43 0.43 0.43 0.43 0.43 0.75 0.67 0.67 0.67 0.67 0.67 0.67 ]
[ 0 0 0 0.67 0.67 0.67 0.75 0.75 0.75 0.75 0.5 0.5 0.5 0.5 0.5 0.75 0.75 0.75 0.75 0.67 0.67 0.67 0.67 0.67 0.67 ]
[ 0 0 0 0.67 0.67 0.67 0.75 0.75 0.75 0.75 0.75 0.75 0.75 0.75 0.75 0.75 0.75 0.75 0.75 0.67 0.67 0.67 0.67 0.67 0.67 ]
[ 0 0 0 0.67 0.67 0.67 0.75 0.75 0.75 0.75 0.75 0.75 0.75 0.75 0.75 0.75 0.75 0.75 0.75 0.67 0.67 0.67 0.67 0.67 0.67 ]

quotient solution initiale: 9.3
solution initiale admissible
[ 0 0 0 0 0 0 0 0 0 0 0 0 0 0 0 0 0 0 0 0 0 0 0 0 0 ]
[ 0 0 0 0 0 0 0 0 0 0 0 0 0 0 0 0 0 0 0 0 0 0 0 0 0 ]
[ 0 0 0 0 0 0 0 0 0 0 0 0 0 0 0 0 0 0 0 0 0 0 0 0 0 ]
[ 0 0 0 0 0 0 0 0 0 0 0 0 0 0 0 0 0 0 0 0 0 0 0 0 0 ]
[ 0 0 0 0 0 0 0 0 0 0 0 0 0 0 0 0 0 0 0 0 0 0 0 0 0 ]
[ 0 0 0 0 0 0 0 0 0 0 0 0 0 0 0 0 0 0 0 0 0 0 0 0 0 ]
[ 0 0 0 0 0 0 0 0 0 0 0 0 0 0 0 0 0 0 0 0 0 0 0 0 0 ]
[ 0 0 0 0 0 0 0 0 0 0 0 0 0 0 0 0 0 0 0 0 0 0 0 0 0 ]
[ 0 0 0 0 0 0 0 0 0 0 0 0 0 0 0 0 0 0 0 0 0 0 0 0 0 ]
[ 0 0 0 0 0 0 0 0 0 0 0 0 0 0 0 0 0 0 0 0 0 0 0 0 0 ]
[ 0 0 0 0 0 0 0 0 0 0 0 0 0 0 0 0 0 0 0 0 0 0 0 0 0 ]
[ 0 0 0 0 0 0 0 0 0 0 0 0 0 0 0 0 0 0 0 0 0 0 0 0 0 ]
[ 0 0 0 0 0 0 0 0 0 0 0 0 0 0 0 0 0 0 0 0 0 0 0 0 0 ]
[ 0 0 0 0 0 0 0 0 0 0 1 0 0 0 0 0 0 0 0 0 0 0 0 0 0 ]
[ 0 0 0 0 0 0 0 0 0 0 0 0 0 0 0 0 0 0 0 0 0 0 0 0 0 ]
[ 0 0 0 0 0 0 0 0 0 0 0 0 0 0 0 0 0 0 0 0 0 0 0 0 0 ]
[ 0 0 0 0 0 0 0 0 0 0 0 0 0 0 0 0 0 0 0 0 0 0 0 0 0 ]
[ 0 0 0 0 0 0 0 0 0 0 0 0 0 0 0 0 0 0 0 0 0 0 0 0 0 ]
[ 0 0 0 0 0 0 0 0 0 0 0 0 0 0 0 0 0 0 0 0 0 0 0 0 0 ]
[ 0 0 0 0 0 0 0 0 0 0 0 0 0 0 0 0 0 0 0 0 0 0 0 0 0 ]

Paramètres
Tinit = 1000
phi =0.8
Kmax = 50
r = 50
Itération = 0
Temperature = 1000
Temps de l'éxecution = 1
Meileure solution trouvée jusqu'à présent = 42
Quotient de la meilleure solution trouvee = 2.67303
Itération = 1
Temperature = 800
Temps de l'éxecution = 2
Meileure solution trouvée jusqu'à présent = 52
Quotient de la meilleure solution trouvee = 2.03459
Itération = 2
Temperature = 640
Temps de l'éxecution = 3
Meileure solution trouvée jusqu'à présent = 52
Quotient de la meilleure solution trouvee = 2.03459
Temps d'éxécution total = 6
[ 0 0 0 0 0 0 0 0 0 0 0 0 0 0 0 0 0 0 0 0 0 0 0 0 0 ]
[ 0 0 0 0 0 0 0 0 0 0 0 0 0 0 0 0 0 0 0 0 0 0 0 0 0 ]
[ 0 0 0 0 0 0 0 0 0 0 0 0 0 0 0 0 0 0 0 0 0 0 0 0 0 ]
[ 0 0 0 0 0 0 0 0 0 0 0 0 0 0 0 0 0 0 0 0 0 0 0 0 0 ]
[ 0 0 0 0 0 0 0 0 0 0 0 0 0 0 0 0 0 0 0 0 0 0 0 0 0 ]
[ 0 0 0 0 0 0 0 0 0 0 0 0 0 0 0 0 0 0 0 0 0 0 0 0 0 ]
[ 0 0 0 0 0 0 0 0 0 0 0 0 0 0 0 0 0 0 0 0 0 0 0 0 0 ]
[ 0 0 0 0 0 0 0 0 0 0 0 0 0 0 0 0 0 0 0 0 0 0 0 0 0 ]
[ 0 0 0 0 0 0 0 0 0 0 0 0 0 0 0 0 0 0 0 0 0 0 0 0 0 ]
[ 0 0 0 0 0 0 0 0 0 0 0 0 0 0 0 0 0 0 0 0 0 0 0 0 0 ]
[ 0 0 0 0 0 0 0 0 0 0 0 0 0 0 0 0 0 0 0 0 0 0 0 0 0 ]
[ 0 0 0 0 0 0 0 0 0 1 0 0 0 0 0 0 0 0 0 0 0 0 0 0 0 ]
[ 0 0 0 0 0 0 0 1 1 1 0 0 1 0 0 1 1 0 0 0 0 0 0 0 0 ]
[ 0 0 0 0 0 0 0 0 1 1 1 1 1 1 1 1 1 1 0 0 0 0 0 0 0 ]
[ 0 0 0 0 0 0 0 0 1 0 1 1 1 1 1 1 1 1 1 0 0 0 0 0 0 ]
[ 0 0 0 0 0 0 0 0 0 0 1 1 1 1 1 1 1 1 0 0 0 0 0 0 0 ]
[ 0 0 0 0 0 0 0 0 0 0 1 1 1 1 1 1 1 1 0 0 0 0 0 0 0 ]
[ 0 0 0 0 0 0 0 0 0 0 1 1 1 1 1 1 0 0 0 0 0 0 0 0 0 ]
[ 0 0 0 0 0 0 0 0 0 0 0 0 1 1 1 0 0 0 0 0 0 0 0 0 0 ]
[ 0 0 0 0 0 0 0 0 0 0 0 0 0 0 0 0 0 0 0 0 0 0 0 0 0 ]

valeur 52
quotient 2.03459
