n=25/nm=20/n[ 0.56 0.56 0.56 0.56 0.56 0.56 0.56 0.56 0.56 0.56 0.56 0.56 0.56 0.56 0.56 0.56 0.56 0.56 0.56 0.56 0.56 0.56 0.56 0.56 0.56 ]
[ 0.56 0.56 0.56 0.56 0.56 0.56 0.56 0.56 0.56 0.56 0.56 0.56 0.56 0.56 0.56 0.56 0.56 0.56 0.56 0.56 0.56 0.56 0.56 0.56 0.56 ]
[ 0.56 0.56 1.3 1.3 1.3 1.3 1.3 0.56 0.56 0.56 0.56 0.56 0.56 0.56 0.56 0.56 0.56 0.56 0.56 0.56 0.56 0.56 0.56 0.56 0.56 ]
[ 0.56 0.56 1.3 1.3 1.3 1.3 1.3 0.56 0.56 0.56 0.56 0.56 0.56 0.56 0.56 0.56 0.56 0.56 0.56 0.56 0.56 0.56 0.56 0.56 0.56 ]
[ 0.56 0.56 1.3 1.3 1.3 1.3 1.3 0.56 0.56 0.56 0.56 0.56 0.56 0.56 0.56 0.56 0.56 0.56 0.56 0.56 0.56 0.56 0.56 0.56 0.56 ]
[ 0.56 0.56 1.3 1.3 1.3 1.3 1.3 0.56 0.56 0.56 0.56 0.56 0.56 0.56 0.56 0.56 0.56 13.6 13.6 13.6 13.6 13.6 13.6 13.6 0.56 ]
[ 0.56 0.56 1.3 1.3 1.3 1.3 1.3 0.56 0.56 0.56 0.56 0.56 0.56 0.56 0.56 0.56 0.56 13.6 13.6 13.6 13.6 13.6 13.6 13.6 0.56 ]
[ 0.56 0.56 0.56 0.56 0.56 0.56 0.56 0.56 0.56 0.56 0.56 0.56 0.56 0.56 0.56 0.56 0.56 13.6 13.6 13.6 13.6 13.6 13.6 13.6 0.56 ]
[ 0.56 0.56 0.56 0.56 0.56 0.56 0.56 0.56 0.56 0.56 0.56 0.56 0.56 0.56 0.56 0.56 0.56 13.6 13.6 3 3 3 3 3 3 ]
[ 0.56 0.56 0.56 0.56 0.56 0.56 0.56 0.56 0.56 0.56 0.56 0.56 0.56 0.56 0.56 0.56 0.56 13.6 13.6 3 3 3 3 3 3 ]
[ 0.56 0.56 0.56 0.56 0.56 0.56 0.56 0.56 0.56 0.56 0.56 0.56 0.56 0.56 0.56 0.56 0.56 0.56 0.56 3 3 3 3 3 3 ]
[ 0.56 0.56 0.56 0.56 0.56 0.56 0.56 0.56 0.56 0.56 0.56 0.56 0.56 0.56 0.56 0.56 0.56 0.56 0.56 3 3 3 3 3 3 ]
[ 0.56 0.56 0.56 0.56 0.56 0.56 0.56 0.56 0.56 0.56 0.56 0.56 0.56 0.56 0.56 0.56 0.56 0.56 0.56 3 3 3 3 3 3 ]
[ 0.56 0.56 0.56 0.56 0.56 0.56 0.56 0.56 0.56 0.56 0.56 0.56 0.56 0.56 0.56 0.56 0.56 0.56 0.56 3 3 3 3 3 3 ]
[ 0 0 0 0 0 0 0 0 0 0.56 0.56 0.56 0.56 0.56 0.56 0.56 0.56 0.56 0.56 3 3 3 3 3 3 ]
[ 0 0 0 0 0 0 0 0 0 0.56 0.56 0.56 0.56 0.56 0.56 0.56 0.56 0.56 0.56 0.56 0.56 0.56 0.56 0.56 0.56 ]
[ 0 0 0 0 0 0 0 0 0 0.56 0.56 0.56 0.56 0.56 0.56 0.56 0.56 0.56 0.56 0.56 0.56 0.56 0.56 0.56 0.56 ]
[ 0 0 0 0 0 0 0 0 0 0.56 0.56 0.56 0.56 0.56 0.56 0.56 0.56 0.56 0.56 0.56 0.56 0.56 0.56 0.56 0.56 ]
[ 0 0 0 0 0 0 0 0 0 0.56 0.56 0.56 0.56 0.56 0.56 0.56 0.56 0.56 0.56 0.56 0.56 0.56 0.56 0.56 0.56 ]
[ 0 0 0 0 0 0 0 0 0 0.56 0.56 0.56 0.56 0.56 0.56 0.56 0.56 0.56 0.56 0.56 0.56 0.56 0.56 0.56 0.56 ]

[ 0.62 0.62 0.62 0.62 0.62 0.62 0.62 0.62 0.62 0.62 0.62 0.62 0.62 0.62 0.62 0.62 0.62 0.62 0.62 0.62 0.62 0.62 0.62 0.62 0.62 ]
[ 0.62 0.62 0.62 0.62 0.62 0.62 0.62 0.62 0.62 0.62 0.62 0.62 0.62 0.62 0.62 0.62 0.62 0.62 0.62 0.62 0.62 0.62 0.62 0.62 0.62 ]
[ 0.62 0.62 0.5 0.5 0.5 0.5 0.5 0.62 0.62 0.62 0.62 0.62 0.62 0.62 0.62 0.62 0.62 0.62 0.62 0.62 0.62 0.62 0.62 0.62 0.62 ]
[ 0.62 0.62 0.5 0.5 0.5 0.5 0.5 0.62 0.62 0.62 0.62 0.62 0.62 0.62 0.62 0.62 0.62 0.62 0.62 0.62 0.62 0.62 0.62 0.62 0.62 ]
[ 0.62 0.62 0.5 0.5 0.5 0.5 0.5 0.62 0.62 0.62 0.62 0.62 0.62 0.62 0.62 0.62 0.62 0.62 0.62 0.62 0.62 0.62 0.62 0.62 0.62 ]
[ 0.62 0.62 0.5 0.5 0.5 0.5 0.5 0.62 0.62 0.62 0.62 0.62 0.62 0.62 0.62 0.62 0.62 0.125 0.125 0.125 0.125 0.125 0.125 0.125 0.62 ]
[ 0.62 0.62 0.5 0.5 0.5 0.5 0.5 0.62 0.62 0.62 0.62 0.62 0.62 0.62 0.62 0.62 0.62 0.125 0.125 0.125 0.125 0.125 0.125 0.125 0.62 ]
[ 0.62 0.62 0.62 0.62 0.62 0.62 0.62 0.62 0.62 0.62 0.62 0.62 0.62 0.62 0.62 0.62 0.62 0.125 0.125 0.125 0.125 0.125 0.125 0.125 0.62 ]
[ 0.62 0.62 0.62 0.62 0.62 0.62 0.62 0.62 0.62 0.62 0.62 0.62 0.62 0.62 0.62 0.62 0.62 0.125 0.125 0.365 0.365 0.365 0.365 0.365 0.365 ]
[ 0.62 0.62 0.62 0.62 0.62 0.62 0.62 0.62 0.62 0.62 0.62 0.62 0.62 0.62 0.62 0.62 0.62 0.125 0.125 0.365 0.365 0.365 0.365 0.365 0.365 ]
[ 0.62 0.62 0.62 0.62 0.62 0.62 0.62 0.62 0.62 0.62 0.62 0.62 0.62 0.62 0.62 0.62 0.62 0.62 0.62 0.365 0.365 0.365 0.365 0.365 0.365 ]
[ 0.62 0.62 0.62 0.62 0.62 0.62 0.62 0.62 0.62 0.62 0.62 0.62 0.62 0.62 0.62 0.62 0.62 0.62 0.62 0.365 0.365 0.365 0.365 0.365 0.365 ]
[ 0.62 0.62 0.62 0.62 0.62 0.62 0.62 0.62 0.62 0.62 0.62 0.62 0.62 0.62 0.62 0.62 0.62 0.62 0.62 0.365 0.365 0.365 0.365 0.365 0.365 ]
[ 0.62 0.62 0.62 0.62 0.62 0.62 0.62 0.62 0.62 0.62 0.62 0.62 0.62 0.62 0.62 0.62 0.62 0.62 0.62 0.365 0.365 0.365 0.365 0.365 0.365 ]
[ 0 0 0 0 0 0 0 0 0 0.62 0.62 0.62 0.62 0.62 0.62 0.62 0.62 0.62 0.62 0.365 0.365 0.365 0.365 0.365 0.365 ]
[ 0 0 0 0 0 0 0 0 0 0.62 0.62 0.62 0.62 0.62 0.62 0.62 0.62 0.62 0.62 0.62 0.62 0.62 0.62 0.62 0.62 ]
[ 0 0 0 0 0 0 0 0 0 0.62 0.62 0.62 0.62 0.62 0.62 0.62 0.62 0.62 0.62 0.62 0.62 0.62 0.62 0.62 0.62 ]
[ 0 0 0 0 0 0 0 0 0 0.62 0.62 0.62 0.62 0.62 0.62 0.62 0.62 0.62 0.62 0.62 0.62 0.62 0.62 0.62 0.62 ]
[ 0 0 0 0 0 0 0 0 0 0.62 0.62 0.62 0.62 0.62 0.62 0.62 0.62 0.62 0.62 0.62 0.62 0.62 0.62 0.62 0.62 ]
[ 0 0 0 0 0 0 0 0 0 0.62 0.62 0.62 0.62 0.62 0.62 0.62 0.62 0.62 0.62 0.62 0.62 0.62 0.62 0.62 0.62 ]

[ 0 0 0 0 0 0 0 0 0 0 0 0 0 0 0 0 0 0 0.2 0.2 0.2 0.2 0.2 0.2 0.2 ]
[ 0 0 0 0 0 0 0 0 0 0 0 0 0 0 0 0 0 0 0.2 0.2 0.2 0.2 0.2 0.2 0.2 ]
[ 0 0 0.2 0.2 0.2 0.2 0.2 0 0 0 0 0 0 0 0 0 0 0 0.2 0.2 0.2 0.2 0.2 0.2 0.2 ]
[ 0 0 0.2 0.2 0.2 0.2 0.2 0 0 0 0 0 0 0 0 0 0 0 0.2 0.2 0.2 0.2 0.2 0.2 0.2 ]
[ 0 0 0.2 0.2 0.2 0.2 0.2 0 0 0 0 0 0 0 0 0 0 0 0.2 0.2 0.2 0.2 0.2 0.2 0.2 ]
[ 0 0 0.2 0.2 0.2 0.2 0.2 0 0 0 0 0 0 0 0 0 0 8 8 8 8 8 8 8 0.2 ]
[ 0 0 0.2 0.2 0.2 0.2 0.2 0 0 0 0 0 0 0 0 0 0 8 8 8 8 8 8 8 0.2 ]
[ 0 0 0 0 0 0 0 0 0 0 0 0 0 0 0 0 0 8 8 8 8 8 8 8 0.2 ]
[ 0 0 0 0 0 0 0 0 0 0 0 0 0 0 0 0 0 8 8 0.2 0.2 0.2 0.2 0.2 0.2 ]
[ 0 0 0 0 0 0 0 0 0 0 0 0 0 0 0 0 0 8 8 0.2 0.2 0.2 0.2 0.2 0.2 ]
[ 0 0 0 0 0 0 0 0 0 0 0 0 0 0 0 0 0 0 0.2 0.2 0.2 0.2 0.2 0.2 0.2 ]
[ 0 0 0 0 0 0 0 0 0 0 0 0 0 0 0 0 0 0 0.2 0.2 0.2 0.2 0.2 0.2 0.2 ]
[ 0 0 0 0 0 0 0 0 0 0 0 0 0 0 0 0 0 0 0.2 0.2 0.2 0.2 0.2 0.2 0.2 ]
[ 0 0 0 0 0 0 0 0 0 0 0 0 0 0 0 0 0 0 0.2 0.2 0.2 0.2 0.2 0.2 0.2 ]
[ 0 0 0 0 0 0 0 0 0 0.2 0.2 0.2 0.2 0.2 0.2 0.2 0.2 0.2 0.2 0.2 0.2 0.2 0.2 0.2 0.2 ]
[ 0 0 0 0 0 0 0 0 0 0 0 0 0 0 0 0 0 0 0 0 0 0 0 0 0 ]
[ 0 0 0 0 0 0 0 0 0 0 0 0 0 0 0 0 0 0 0 0 0 0 0 0 0 ]
[ 0 0 0 0 0 0 0 0 0 0 0 0 0 0 0 0 0 0 0 0 0 0 0 0 0 ]
[ 0 0 0 0 0 0 0 0 0 0 0 0 0 0 0 0 0 0 0 0 0 0 0 0 0 ]
[ 0 0 0 0 0 0 0 0 0 0 0 0 0 0 0 0 0 0 0 0 0 0 0 0 0 ]

[ 0.62 0.62 0.62 0.62 0.62 0.62 0.62 0.62 0.62 0.62 0.62 0.62 0.62 0.62 0.62 0.62 0.62 0.62 0.62 0.62 0.62 0.62 0.62 0.62 0.62 ]
[ 0.62 0.62 0.62 0.62 0.62 0.62 0.62 0.62 0.62 0.62 0.62 0.62 0.62 0.62 0.62 0.62 0.62 0.62 0.62 0.62 0.62 0.62 0.62 0.62 0.62 ]
[ 0.62 0.62 0.5 0.5 0.5 0.5 0.5 0.62 0.62 0.62 0.62 0.62 0.62 0.62 0.62 0.62 0.62 0.62 0.62 0.62 0.62 0.62 0.62 0.62 0.62 ]
[ 0.62 0.62 0.5 0.5 0.5 0.5 0.5 0.62 0.62 0.62 0.62 0.62 0.62 0.62 0.62 0.62 0.62 0.62 0.62 0.62 0.62 0.62 0.62 0.62 0.62 ]
[ 0.62 0.62 0.5 0.5 0.5 0.5 0.5 0.62 0.62 0.62 0.62 0.62 0.62 0.62 0.62 0.62 0.62 0.62 0.62 0.62 0.62 0.62 0.62 0.62 0.62 ]
[ 0.62 0.62 0.5 0.5 0.5 0.5 0.5 0.62 0.62 0.62 0.62 0.62 0.62 0.62 0.62 0.62 0.62 0.125 0.125 0.125 0.125 0.125 0.125 0.125 0.62 ]
[ 0.62 0.62 0.5 0.5 0.5 0.5 0.5 0.62 0.62 0.62 0.62 0.62 0.62 0.62 0.62 0.62 0.62 0.125 0.125 0.125 0.125 0.125 0.125 0.125 0.62 ]
[ 0.62 0.62 0.62 0.62 0.62 0.62 0.62 0.62 0.62 0.62 0.62 0.62 0.62 0.62 0.62 0.62 0.62 0.125 0.125 0.125 0.125 0.125 0.125 0.125 0.62 ]
[ 0.62 0.62 0.62 0.62 0.62 0.62 0.62 0.62 0.62 0.62 0.62 0.62 0.62 0.62 0.62 0.62 0.62 0.125 0.125 0.365 0.365 0.365 0.365 0.365 0.365 ]
[ 0.62 0.62 0.62 0.62 0.62 0.62 0.62 0.62 0.62 0.62 0.62 0.62 0.62 0.62 0.62 0.62 0.62 0.125 0.125 0.365 0.365 0.365 0.365 0.365 0.365 ]
[ 0.62 0.62 0.62 0.62 0.62 0.62 0.62 0.62 0.62 0.62 0.62 0.62 0.62 0.62 0.62 0.62 0.62 0.62 0.62 0.365 0.365 0.365 0.365 0.365 0.365 ]
[ 0.62 0.62 0.62 0.62 0.62 0.62 0.62 0.62 0.62 0.62 0.62 0.62 0.62 0.62 0.62 0.62 0.62 0.62 0.62 0.365 0.365 0.365 0.365 0.365 0.365 ]
[ 0.62 0.62 0.62 0.62 0.62 0.62 0.62 0.62 0.62 0.62 0.62 0.62 0.62 0.62 0.62 0.62 0.62 0.62 0.62 0.365 0.365 0.365 0.365 0.365 0.365 ]
[ 0.62 0.62 0.62 0.62 0.62 0.62 0.62 0.62 0.62 0.62 0.62 0.62 0.62 0.62 0.62 0.62 0.62 0.62 0.62 0.365 0.365 0.365 0.365 0.365 0.365 ]
[ 0 0 0 0 0 0 0 0 0 0.62 0.62 0.62 0.62 0.62 0.62 0.62 0.62 0.62 0.62 0.365 0.365 0.365 0.365 0.365 0.365 ]
[ 0 0 0 0 0 0 0 0 0 0.62 0.62 0.62 0.62 0.62 0.62 0.62 0.62 0.62 0.62 0.62 0.62 0.62 0.62 0.62 0.62 ]
[ 0 0 0 0 0 0 0 0 0 0.62 0.62 0.62 0.62 0.62 0.62 0.62 0.62 0.62 0.62 0.62 0.62 0.62 0.62 0.62 0.62 ]
[ 0 0 0 0 0 0 0 0 0 0.62 0.62 0.62 0.62 0.62 0.62 0.62 0.62 0.62 0.62 0.62 0.62 0.62 0.62 0.62 0.62 ]
[ 0 0 0 0 0 0 0 0 0 0.62 0.62 0.62 0.62 0.62 0.62 0.62 0.62 0.62 0.62 0.62 0.62 0.62 0.62 0.62 0.62 ]
[ 0 0 0 0 0 0 0 0 0 0.62 0.62 0.62 0.62 0.62 0.62 0.62 0.62 0.62 0.62 0.62 0.62 0.62 0.62 0.62 0.62 ]

quotient solution initiale: 21.6
solution initiale admissible
[ 0 0 0 0 0 0 0 0 0 0 0 0 0 0 0 0 0 0 0 0 0 0 0 0 0 ]
[ 0 0 0 0 0 0 0 0 0 0 0 0 0 0 0 0 0 0 0 0 0 0 0 0 0 ]
[ 0 0 0 0 0 0 0 0 0 0 0 0 0 0 0 0 0 0 0 0 0 0 0 0 0 ]
[ 0 0 0 0 0 0 0 0 0 0 0 0 0 0 0 0 0 0 0 0 0 0 0 0 0 ]
[ 0 0 0 0 0 0 0 0 0 0 0 0 0 0 0 0 0 0 0 0 0 0 0 0 0 ]
[ 0 0 0 0 0 0 0 0 0 0 0 0 0 0 0 0 0 1 0 0 0 0 0 0 0 ]
[ 0 0 0 0 0 0 0 0 0 0 0 0 0 0 0 0 0 0 0 0 0 0 0 0 0 ]
[ 0 0 0 0 0 0 0 0 0 0 0 0 0 0 0 0 0 0 0 0 0 0 0 0 0 ]
[ 0 0 0 0 0 0 0 0 0 0 0 0 0 0 0 0 0 0 0 0 0 0 0 0 0 ]
[ 0 0 0 0 0 0 0 0 0 0 0 0 0 0 0 0 0 0 0 0 0 0 0 0 0 ]
[ 0 0 0 0 0 0 0 0 0 0 0 0 0 0 0 0 0 0 0 0 0 0 0 0 0 ]
[ 0 0 0 0 0 0 0 0 0 0 0 0 0 0 0 0 0 0 0 0 0 0 0 0 0 ]
[ 0 0 0 0 0 0 0 0 0 0 0 0 0 0 0 0 0 0 0 0 0 0 0 0 0 ]
[ 0 0 0 0 0 0 0 0 0 0 0 0 0 0 0 0 0 0 0 0 0 0 0 0 0 ]
[ 0 0 0 0 0 0 0 0 0 0 0 0 0 0 0 0 0 0 0 0 0 0 0 0 0 ]
[ 0 0 0 0 0 0 0 0 0 0 0 0 0 0 0 0 0 0 0 0 0 0 0 0 0 ]
[ 0 0 0 0 0 0 0 0 0 0 0 0 0 0 0 0 0 0 0 0 0 0 0 0 0 ]
[ 0 0 0 0 0 0 0 0 0 0 0 0 0 0 0 0 0 0 0 0 0 0 0 0 0 ]
[ 0 0 0 0 0 0 0 0 0 0 0 0 0 0 0 0 0 0 0 0 0 0 0 0 0 ]
[ 0 0 0 0 0 0 0 0 0 0 0 0 0 0 0 0 0 0 0 0 0 0 0 0 0 ]

Paramètres
Tinit = 1000
phi =0.8
Kmax = 50
r = 50
Itération = 0
Temperature = 1000
Temps de l'éxecution = 2
Meileure solution trouvée jusqu'à présent = 74
Quotient de la meilleure solution trouvee = 4.88502
Itération = 1
Temperature = 800
Temps de l'éxecution = 3
Meileure solution trouvée jusqu'à présent = 79
Quotient de la meilleure solution trouvee = 4.39222
Itération = 2
Temperature = 640
Temps de l'éxecution = 4
Meileure solution trouvée jusqu'à présent = 85
Quotient de la meilleure solution trouvee = 3.93698
Itération = 3
Temperature = 512
Temps de l'éxecution = 4
Meileure solution trouvée jusqu'à présent = 88
Quotient de la meilleure solution trouvee = 3.75799
Itération = 4
Temperature = 409.6
Temps de l'éxecution = 4
Meileure solution trouvée jusqu'à présent = 102
Quotient de la meilleure solution trouvee = 3.09827
Itération = 5
Temperature = 327.68
Temps de l'éxecution = 4
Meileure solution trouvée jusqu'à présent = 112
Quotient de la meilleure solution trouvee = 2.77207
Itération = 6
Temperature = 262.144
Temps de l'éxecution = 4
Meileure solution trouvée jusqu'à présent = 119
Quotient de la meilleure solution trouvee = 2.58631
Itération = 7
Temperature = 209.715
Temps de l'éxecution = 4
Meileure solution trouvée jusqu'à présent = 129
Quotient de la meilleure solution trouvee = 2.38632
Itération = 8
Temperature = 167.772
Temps de l'éxecution = 5
Meileure solution trouvée jusqu'à présent = 135
Quotient de la meilleure solution trouvee = 2.27584
Itération = 9
Temperature = 134.218
Temps de l'éxecution = 6
Meileure solution trouvée jusqu'à présent = 142
Quotient de la meilleure solution trouvee = 2.17116
Itération = 10
Temperature = 107.374
Temps de l'éxecution = 6
Meileure solution trouvée jusqu'à présent = 146
Quotient de la meilleure solution trouvee = 2.11059
Itération = 11
Temperature = 85.8994
Temps de l'éxecution = 6
Meileure solution trouvée jusqu'à présent = 146
Quotient de la meilleure solution trouvee = 2.11059
Temps d'éxécution total = 52
[ 0 0 0 0 0 0 0 0 0 0 0 0 0 0 0 0 0 1 1 1 0 0 0 0 0 ]
[ 0 0 0 0 0 0 0 0 0 0 0 0 0 0 0 0 0 1 1 1 1 0 1 0 0 ]
[ 0 0 0 0 0 0 0 0 0 0 0 0 0 0 0 0 0 1 0 0 1 1 1 1 0 ]
[ 0 0 0 0 0 0 0 0 0 0 0 0 0 1 1 1 1 1 0 0 0 1 1 1 1 ]
[ 0 0 0 0 0 0 0 0 0 0 0 0 0 1 0 0 1 1 1 0 1 0 1 0 1 ]
[ 0 0 0 0 0 0 0 0 0 0 0 0 0 0 0 0 0 1 1 1 1 1 1 1 0 ]
[ 0 0 0 0 0 0 0 0 0 0 0 0 0 0 0 0 1 1 1 1 1 1 1 1 0 ]
[ 0 0 0 0 0 0 0 0 0 0 0 0 0 0 0 0 1 1 1 1 1 1 1 1 1 ]
[ 0 0 0 0 0 0 0 0 0 0 0 0 0 0 1 1 1 1 1 1 1 1 1 1 1 ]
[ 0 0 0 0 0 0 0 0 0 0 0 0 1 1 1 1 0 1 1 1 1 1 1 1 1 ]
[ 0 0 0 0 0 0 0 0 0 0 0 0 1 0 0 0 0 0 0 1 1 1 1 1 1 ]
[ 0 0 0 0 0 0 0 0 0 0 0 0 1 1 1 1 0 0 0 1 1 1 1 1 1 ]
[ 0 0 0 0 0 0 0 0 0 0 0 0 1 1 1 1 0 1 1 1 1 1 1 1 1 ]
[ 0 0 0 0 0 0 0 0 0 0 0 0 0 1 0 1 1 1 1 1 1 1 1 1 1 ]
[ 0 0 0 0 0 0 0 0 0 0 0 0 1 1 0 1 1 1 0 1 1 1 1 1 1 ]
[ 0 0 0 0 0 0 0 0 0 0 0 0 0 1 0 0 0 1 1 0 0 1 1 1 0 ]
[ 0 0 0 0 0 0 0 0 0 0 0 0 0 0 0 0 0 1 1 0 1 1 1 0 0 ]
[ 0 0 0 0 0 0 0 0 0 0 0 0 0 0 0 0 0 0 0 0 1 1 1 1 0 ]
[ 0 0 0 0 0 0 0 0 0 0 0 0 0 0 0 0 0 0 0 0 1 1 1 0 0 ]
[ 0 0 0 0 0 0 0 0 0 0 0 0 0 0 0 0 0 0 0 0 1 0 0 0 0 ]

valeur 146
quotient 2.11059
