n=25/nm=20/n[ 0 0 0 0.56 0.56 0.56 0.56 0.86 0.86 0.86 0.86 0.86 0.86 0.86 0.86 0.86 0.86 0.86 0.86 1.3 1.3 1.3 1.3 1.3 1.3 ]
[ 0 0 0 0.56 0.56 0.56 0.56 0.86 0.86 0.86 0.86 0.86 0.86 0.86 0.86 0.86 0.86 0.86 0.86 1.3 1.3 1.3 1.3 1.3 1.3 ]
[ 0 0 0 0.56 0.56 0.56 0.56 0.86 0.86 0.86 0.86 0.86 0.86 0.86 0.86 0.86 0.86 0.86 0.86 1.3 1.3 1.3 1.3 1.3 1.3 ]
[ 0 0 0 0.56 0.56 0.56 0.56 0.86 0.86 0.86 0.86 0.86 0.86 0.86 0.86 0.86 0.86 0.86 0.86 1.3 1.3 1.3 1.3 1.3 1.3 ]
[ 0 0 0 0.56 0.56 0.56 0.56 0.86 0.86 0.86 0.56 0.56 0.56 0.56 0.56 0.56 0.56 0.86 0.86 1.3 1.3 1.3 1.3 1.3 1.3 ]
[ 0 0 0 0.56 0.56 0.56 0.56 0.86 0.86 0.86 0.56 0.56 0.56 0.56 0.56 0.56 0.56 0.86 0.86 1.3 1.3 1.3 1.3 1.3 1.3 ]
[ 0 0 0 0.56 0.56 0.56 0.56 0.86 0.86 0.86 0.56 0.56 0.56 0.56 0.56 0.56 0.56 0.86 0.86 1.3 1.3 1.3 1.3 1.3 1.3 ]
[ 0 0 0 0.56 0.56 0.56 0.56 0.86 0.86 0.86 0.86 0.86 0.86 0.86 0.86 0.86 0.86 0.86 0.86 1.3 1.3 1.3 1.3 1.3 1.3 ]
[ 0 0 0 0.56 0.56 0.56 0.56 0.86 0.86 0.86 0.86 0.86 0.86 0.86 0.86 0.86 0.86 0.86 0.86 1.3 1.3 1.3 1.3 1.3 1.3 ]
[ 0 0 0 0.56 0.56 0.56 0.56 0.86 0.86 0.86 0.86 0.86 0.86 0.86 0.86 0.86 0.86 0.86 0.86 0.86 0.86 0.86 0.86 0.86 0.86 ]
[ 0 0 0 0.56 0.56 0.56 0.56 0.86 0.86 0.86 0.86 0.86 0.86 0.86 0.86 0.86 0.86 0.86 0.86 0.86 0.86 0.86 0.86 0.86 0.86 ]
[ 0 0 0 0.56 0.56 0.56 0.56 0.86 0.86 0.86 0.86 0.86 0.86 0.86 0.86 0.86 0.86 0.86 0.86 0.86 0.86 0.86 0.86 0.86 0.86 ]
[ 0.054 0.054 0.054 0.054 0.054 0.054 0.054 0.054 0.054 0.054 0.054 0.054 0.86 0.86 0.86 0.86 0.86 0.86 0.86 0.86 0.86 0.86 0.86 0.86 0.86 ]
[ 0.054 0.054 0.054 0.054 0.054 0.054 0.054 0.054 0.054 0.054 0.054 0.054 0.86 0.86 0.86 0.86 0.86 0.86 0.86 0.86 0.86 0.86 0.86 0.86 0.86 ]
[ 0.054 0.054 0.054 0.054 0.054 0.054 0.054 0.054 0.054 0.054 0.054 0.054 0.86 0.86 0.86 0.86 0.86 0.86 0.86 0.86 0.86 0.86 0.86 0.86 0.86 ]
[ 0.054 0.054 0.054 0.054 0.054 0.054 0.054 0.054 0.054 0.054 0.054 0.054 0.86 0.86 0.86 0.86 0.86 0.86 0.86 0.86 0.86 0.86 0.86 0.86 0.86 ]
[ 0.054 0.054 0.054 0.054 0.054 0.054 0.054 0.054 0.054 0.054 0.054 0.054 0 0 0 0 0 0 0 0 0 0 0 0 0 ]
[ 4.3 4.3 4.3 4.3 4.3 4.3 4.3 4.3 4.3 0.054 0.054 0.054 0 0 0 0 0 0 0 0 0 0 0 0 0 ]
[ 4.3 4.3 4.3 4.3 4.3 4.3 4.3 4.3 4.3 0.054 0.054 0.054 0 0 0 0 0 0 0 0 0 0 0 0 0 ]
[ 4.3 4.3 4.3 4.3 4.3 4.3 4.3 4.3 4.3 0.054 0.054 0.054 0 0 0 0 0 0 0 0 0 0 0 0 0 ]

[ 0 0 0 0.62 0.62 0.62 0.62 0.56 0.56 0.56 0.56 0.56 0.56 0.56 0.56 0.56 0.56 0.56 0.56 0.5 0.5 0.5 0.5 0.5 0.5 ]
[ 0 0 0 0.62 0.62 0.62 0.62 0.56 0.56 0.56 0.56 0.56 0.56 0.56 0.56 0.56 0.56 0.56 0.56 0.5 0.5 0.5 0.5 0.5 0.5 ]
[ 0 0 0 0.62 0.62 0.62 0.62 0.56 0.56 0.56 0.56 0.56 0.56 0.56 0.56 0.56 0.56 0.56 0.56 0.5 0.5 0.5 0.5 0.5 0.5 ]
[ 0 0 0 0.62 0.62 0.62 0.62 0.56 0.56 0.56 0.56 0.56 0.56 0.56 0.56 0.56 0.56 0.56 0.56 0.5 0.5 0.5 0.5 0.5 0.5 ]
[ 0 0 0 0.62 0.62 0.62 0.62 0.56 0.56 0.56 0.62 0.62 0.62 0.62 0.62 0.62 0.62 0.56 0.56 0.5 0.5 0.5 0.5 0.5 0.5 ]
[ 0 0 0 0.62 0.62 0.62 0.62 0.56 0.56 0.56 0.62 0.62 0.62 0.62 0.62 0.62 0.62 0.56 0.56 0.5 0.5 0.5 0.5 0.5 0.5 ]
[ 0 0 0 0.62 0.62 0.62 0.62 0.56 0.56 0.56 0.62 0.62 0.62 0.62 0.62 0.62 0.62 0.56 0.56 0.5 0.5 0.5 0.5 0.5 0.5 ]
[ 0 0 0 0.62 0.62 0.62 0.62 0.56 0.56 0.56 0.56 0.56 0.56 0.56 0.56 0.56 0.56 0.56 0.56 0.5 0.5 0.5 0.5 0.5 0.5 ]
[ 0 0 0 0.62 0.62 0.62 0.62 0.56 0.56 0.56 0.56 0.56 0.56 0.56 0.56 0.56 0.56 0.56 0.56 0.5 0.5 0.5 0.5 0.5 0.5 ]
[ 0 0 0 0.62 0.62 0.62 0.62 0.56 0.56 0.56 0.56 0.56 0.56 0.56 0.56 0.56 0.56 0.56 0.56 0.56 0.56 0.56 0.56 0.56 0.56 ]
[ 0 0 0 0.62 0.62 0.62 0.62 0.56 0.56 0.56 0.56 0.56 0.56 0.56 0.56 0.56 0.56 0.56 0.56 0.56 0.56 0.56 0.56 0.56 0.56 ]
[ 0 0 0 0.62 0.62 0.62 0.62 0.56 0.56 0.56 0.56 0.56 0.56 0.56 0.56 0.56 0.56 0.56 0.56 0.56 0.56 0.56 0.56 0.56 0.56 ]
[ 0.72 0.72 0.72 0.72 0.72 0.72 0.72 0.72 0.72 0.72 0.72 0.72 0.56 0.56 0.56 0.56 0.56 0.56 0.56 0.56 0.56 0.56 0.56 0.56 0.56 ]
[ 0.72 0.72 0.72 0.72 0.72 0.72 0.72 0.72 0.72 0.72 0.72 0.72 0.56 0.56 0.56 0.56 0.56 0.56 0.56 0.56 0.56 0.56 0.56 0.56 0.56 ]
[ 0.72 0.72 0.72 0.72 0.72 0.72 0.72 0.72 0.72 0.72 0.72 0.72 0.56 0.56 0.56 0.56 0.56 0.56 0.56 0.56 0.56 0.56 0.56 0.56 0.56 ]
[ 0.72 0.72 0.72 0.72 0.72 0.72 0.72 0.72 0.72 0.72 0.72 0.72 0.56 0.56 0.56 0.56 0.56 0.56 0.56 0.56 0.56 0.56 0.56 0.56 0.56 ]
[ 0.72 0.72 0.72 0.72 0.72 0.72 0.72 0.72 0.72 0.72 0.72 0.72 0 0 0 0 0 0 0 0 0 0 0 0 0 ]
[ 0.3 0.3 0.3 0.3 0.3 0.3 0.3 0.3 0.3 0.72 0.72 0.72 0 0 0 0 0 0 0 0 0 0 0 0 0 ]
[ 0.3 0.3 0.3 0.3 0.3 0.3 0.3 0.3 0.3 0.72 0.72 0.72 0 0 0 0 0 0 0 0 0 0 0 0 0 ]
[ 0.3 0.3 0.3 0.3 0.3 0.3 0.3 0.3 0.3 0.72 0.72 0.72 0 0 0 0 0 0 0 0 0 0 0 0 0 ]

[ 0 0 0 0.2 0.2 0.2 0.2 0.2 0.2 0.2 0.2 0.2 0.2 0.2 0.2 0.2 0.2 0.2 0.2 1 1 1 1 1 1 ]
[ 0 0 0 0.2 0.2 0.2 0.2 0.2 0.2 0.2 0.2 0.2 0.2 0.2 0.2 0.2 0.2 0.2 0.2 1 1 1 1 1 1 ]
[ 0 0 0 0.2 0.2 0.2 0.2 0.2 0.2 0.2 0.2 0.2 0.2 0.2 0.2 0.2 0.2 0.2 0.2 1 1 1 1 1 1 ]
[ 0 0 0 0.2 0.2 0.2 0.2 0.2 0.2 0.2 0.2 0.2 0.2 0.2 0.2 0.2 0.2 0.2 0.2 1 1 1 1 1 1 ]
[ 0 0 0 0.2 0.2 0.2 0.2 0.2 0.2 0.2 1 1 1 1 1 1 1 0.2 0.2 1 1 1 1 1 1 ]
[ 0 0 0 0.2 0.2 0.2 0.2 0.2 0.2 0.2 1 1 1 1 1 1 1 0.2 0.2 1 1 1 1 1 1 ]
[ 0 0 0 0.2 0.2 0.2 0.2 0.2 0.2 0.2 1 1 1 1 1 1 1 0.2 0.2 1 1 1 1 1 1 ]
[ 0 0 0 0.2 0.2 0.2 0.2 0.2 0.2 0.2 0.2 0.2 0.2 0.2 0.2 0.2 0.2 0.2 0.2 1 1 1 1 1 1 ]
[ 0 0 0 0.2 0.2 0.2 0.2 0.2 0.2 0.2 0.2 0.2 0.2 0.2 0.2 0.2 0.2 0.2 0.2 1 1 1 1 1 1 ]
[ 0 0 0 0.2 0.2 0.2 0.2 0.2 0.2 0.2 0.2 0.2 0.2 0.2 0.2 0.2 0.2 0.2 0.2 0.2 0.2 0.2 0.2 0.2 0.2 ]
[ 0 0 0 0.2 0.2 0.2 0.2 0.2 0.2 0.2 0.2 0.2 0.2 0.2 0.2 0.2 0.2 0.2 0.2 0.2 0.2 0.2 0.2 0.2 0.2 ]
[ 0 0 0 0.2 0.2 0.2 0.2 0.2 0.2 0.2 0.2 0.2 0.2 0.2 0.2 0.2 0.2 0.2 0.2 0.2 0.2 0.2 0.2 0.2 0.2 ]
[ 0.2 0.2 0.2 0.2 0.2 0.2 0.2 0.2 0.2 0.2 0.2 0.2 0.2 0.2 0.2 0.2 0.2 0.2 0.2 0.2 0.2 0.2 0.2 0.2 0.2 ]
[ 0.2 0.2 0.2 0.2 0.2 0.2 0.2 0.2 0.2 0.2 0.2 0.2 0.2 0.2 0.2 0.2 0.2 0.2 0.2 0.2 0.2 0.2 0.2 0.2 0.2 ]
[ 0.2 0.2 0.2 0.2 0.2 0.2 0.2 0.2 0.2 0.2 0.2 0.2 0.2 0.2 0.2 0.2 0.2 0.2 0.2 0.2 0.2 0.2 0.2 0.2 0.2 ]
[ 0.2 0.2 0.2 0.2 0.2 0.2 0.2 0.2 0.2 0.2 0.2 0.2 0.2 0.2 0.2 0.2 0.2 0.2 0.2 0.2 0.2 0.2 0.2 0.2 0.2 ]
[ 0.2 0.2 0.2 0.2 0.2 0.2 0.2 0.2 0.2 0.2 0.2 0.2 0 0 0 0 0 0 0 0 0 0 0 0 0 ]
[ 2 2 2 2 2 2 2 2 2 0.2 0.2 0.2 0 0 0 0 0 0 0 0 0 0 0 0 0 ]
[ 2 2 2 2 2 2 2 2 2 0.2 0.2 0.2 0 0 0 0 0 0 0 0 0 0 0 0 0 ]
[ 2 2 2 2 2 2 2 2 2 0.2 0.2 0.2 0 0 0 0 0 0 0 0 0 0 0 0 0 ]

[ 0 0 0 0.62 0.62 0.62 0.62 0.56 0.56 0.56 0.56 0.56 0.56 0.56 0.56 0.56 0.56 0.56 0.56 0.5 0.5 0.5 0.5 0.5 0.5 ]
[ 0 0 0 0.62 0.62 0.62 0.62 0.56 0.56 0.56 0.56 0.56 0.56 0.56 0.56 0.56 0.56 0.56 0.56 0.5 0.5 0.5 0.5 0.5 0.5 ]
[ 0 0 0 0.62 0.62 0.62 0.62 0.56 0.56 0.56 0.56 0.56 0.56 0.56 0.56 0.56 0.56 0.56 0.56 0.5 0.5 0.5 0.5 0.5 0.5 ]
[ 0 0 0 0.62 0.62 0.62 0.62 0.56 0.56 0.56 0.56 0.56 0.56 0.56 0.56 0.56 0.56 0.56 0.56 0.5 0.5 0.5 0.5 0.5 0.5 ]
[ 0 0 0 0.62 0.62 0.62 0.62 0.56 0.56 0.56 0.62 0.62 0.62 0.62 0.62 0.62 0.62 0.56 0.56 0.5 0.5 0.5 0.5 0.5 0.5 ]
[ 0 0 0 0.62 0.62 0.62 0.62 0.56 0.56 0.56 0.62 0.62 0.62 0.62 0.62 0.62 0.62 0.56 0.56 0.5 0.5 0.5 0.5 0.5 0.5 ]
[ 0 0 0 0.62 0.62 0.62 0.62 0.56 0.56 0.56 0.62 0.62 0.62 0.62 0.62 0.62 0.62 0.56 0.56 0.5 0.5 0.5 0.5 0.5 0.5 ]
[ 0 0 0 0.62 0.62 0.62 0.62 0.56 0.56 0.56 0.56 0.56 0.56 0.56 0.56 0.56 0.56 0.56 0.56 0.5 0.5 0.5 0.5 0.5 0.5 ]
[ 0 0 0 0.62 0.62 0.62 0.62 0.56 0.56 0.56 0.56 0.56 0.56 0.56 0.56 0.56 0.56 0.56 0.56 0.5 0.5 0.5 0.5 0.5 0.5 ]
[ 0 0 0 0.62 0.62 0.62 0.62 0.56 0.56 0.56 0.56 0.56 0.56 0.56 0.56 0.56 0.56 0.56 0.56 0.56 0.56 0.56 0.56 0.56 0.56 ]
[ 0 0 0 0.62 0.62 0.62 0.62 0.56 0.56 0.56 0.56 0.56 0.56 0.56 0.56 0.56 0.56 0.56 0.56 0.56 0.56 0.56 0.56 0.56 0.56 ]
[ 0 0 0 0.62 0.62 0.62 0.62 0.56 0.56 0.56 0.56 0.56 0.56 0.56 0.56 0.56 0.56 0.56 0.56 0.56 0.56 0.56 0.56 0.56 0.56 ]
[ 0.72 0.72 0.72 0.72 0.72 0.72 0.72 0.72 0.72 0.72 0.72 0.72 0.56 0.56 0.56 0.56 0.56 0.56 0.56 0.56 0.56 0.56 0.56 0.56 0.56 ]
[ 0.72 0.72 0.72 0.72 0.72 0.72 0.72 0.72 0.72 0.72 0.72 0.72 0.56 0.56 0.56 0.56 0.56 0.56 0.56 0.56 0.56 0.56 0.56 0.56 0.56 ]
[ 0.72 0.72 0.72 0.72 0.72 0.72 0.72 0.72 0.72 0.72 0.72 0.72 0.56 0.56 0.56 0.56 0.56 0.56 0.56 0.56 0.56 0.56 0.56 0.56 0.56 ]
[ 0.72 0.72 0.72 0.72 0.72 0.72 0.72 0.72 0.72 0.72 0.72 0.72 0.56 0.56 0.56 0.56 0.56 0.56 0.56 0.56 0.56 0.56 0.56 0.56 0.56 ]
[ 0.72 0.72 0.72 0.72 0.72 0.72 0.72 0.72 0.72 0.72 0.72 0.72 0 0 0 0 0 0 0 0 0 0 0 0 0 ]
[ 0.3 0.3 0.3 0.3 0.3 0.3 0.3 0.3 0.3 0.72 0.72 0.72 0 0 0 0 0 0 0 0 0 0 0 0 0 ]
[ 0.3 0.3 0.3 0.3 0.3 0.3 0.3 0.3 0.3 0.72 0.72 0.72 0 0 0 0 0 0 0 0 0 0 0 0 0 ]
[ 0.3 0.3 0.3 0.3 0.3 0.3 0.3 0.3 0.3 0.72 0.72 0.72 0 0 0 0 0 0 0 0 0 0 0 0 0 ]

quotient solution initiale: 6.3
solution initiale admissible
[ 0 0 0 0 0 0 0 0 0 0 0 0 0 0 0 0 0 0 0 0 0 0 0 0 0 ]
[ 0 0 0 0 0 0 0 0 0 0 0 0 0 0 0 0 0 0 0 0 0 0 0 0 0 ]
[ 0 0 0 0 0 0 0 0 0 0 0 0 0 0 0 0 0 0 0 0 0 0 0 0 0 ]
[ 0 0 0 0 0 0 0 0 0 0 0 0 0 0 0 0 0 0 0 0 0 0 0 0 0 ]
[ 0 0 0 0 0 0 0 0 0 0 0 0 0 0 0 0 0 0 0 0 0 0 0 0 0 ]
[ 0 0 0 0 0 0 0 0 0 0 0 0 0 0 0 0 0 0 0 0 0 0 0 0 0 ]
[ 0 0 0 0 0 0 0 0 0 0 0 0 0 0 0 0 0 0 0 0 0 0 0 0 0 ]
[ 0 0 0 0 0 0 0 0 0 0 0 0 0 0 0 0 0 0 0 0 0 0 0 0 0 ]
[ 0 0 0 0 0 0 0 0 0 0 0 0 0 0 0 0 0 0 0 0 0 0 0 0 0 ]
[ 0 0 0 0 0 0 0 0 0 0 0 0 0 0 0 0 0 0 0 0 0 0 0 0 0 ]
[ 0 0 0 0 0 0 0 0 0 0 0 0 0 0 0 0 0 0 0 0 0 0 0 0 0 ]
[ 0 0 0 0 0 0 0 0 0 0 0 0 0 0 0 0 0 0 0 0 0 0 0 0 0 ]
[ 0 0 0 0 0 0 0 0 0 0 0 0 0 0 0 0 0 0 0 0 0 0 0 0 0 ]
[ 0 0 0 0 0 0 0 0 0 0 0 0 0 0 0 0 0 0 0 0 0 0 0 0 0 ]
[ 0 0 0 0 0 0 0 0 0 0 0 0 0 0 0 0 0 0 0 0 0 0 0 0 0 ]
[ 0 0 0 0 0 0 0 0 0 0 0 0 0 0 0 0 0 0 0 0 0 0 0 0 0 ]
[ 0 0 0 0 0 0 0 0 0 0 0 0 0 0 0 0 0 0 0 0 0 0 0 0 0 ]
[ 1 0 0 0 0 0 0 0 0 0 0 0 0 0 0 0 0 0 0 0 0 0 0 0 0 ]
[ 0 0 0 0 0 0 0 0 0 0 0 0 0 0 0 0 0 0 0 0 0 0 0 0 0 ]
[ 0 0 0 0 0 0 0 0 0 0 0 0 0 0 0 0 0 0 0 0 0 0 0 0 0 ]

Paramètres
Tinit = 1000
phi =0.8
Kmax = 50
r = 50
Itération = 0
Temperature = 1000
Temps de l'éxecution = 1
Meileure solution trouvée jusqu'à présent = 36
Quotient de la meilleure solution trouvee = 3.76116
Itération = 1
Temperature = 800
Temps de l'éxecution = 2
Meileure solution trouvée jusqu'à présent = 43
Quotient de la meilleure solution trouvee = 2.9029
Itération = 2
Temperature = 640
Temps de l'éxecution = 1
Meileure solution trouvée jusqu'à présent = 46
Quotient de la meilleure solution trouvee = 2.65194
Itération = 3
Temperature = 512
Temps de l'éxecution = 2
Meileure solution trouvée jusqu'à présent = 46
Quotient de la meilleure solution trouvee = 2.65194
Temps d'éxécution total = 6
[ 0 0 0 0 0 0 0 0 0 0 0 0 0 0 0 0 0 0 0 0 0 0 0 0 0 ]
[ 0 0 0 0 0 0 0 0 0 0 0 0 0 0 0 0 0 0 0 0 0 0 0 0 0 ]
[ 0 0 0 0 0 0 0 0 0 0 0 0 0 0 0 0 0 0 0 0 0 0 0 0 0 ]
[ 0 0 0 0 0 0 0 0 0 0 0 0 0 0 0 0 0 0 0 0 0 0 0 0 0 ]
[ 0 0 0 0 0 0 0 0 0 0 0 0 0 0 0 0 0 0 0 0 0 0 0 0 0 ]
[ 0 0 0 0 0 0 0 0 0 0 0 0 0 0 0 0 0 0 0 0 0 0 0 0 0 ]
[ 0 0 0 0 0 0 0 0 0 0 0 0 0 0 0 0 0 0 0 0 0 0 0 0 0 ]
[ 0 0 0 0 0 0 0 0 0 0 0 0 0 0 0 0 0 0 0 0 0 0 0 0 0 ]
[ 0 0 0 0 0 0 0 0 0 0 0 0 0 0 0 0 0 0 0 0 0 0 0 0 0 ]
[ 0 0 0 0 0 0 0 0 0 0 0 0 0 0 0 0 0 0 0 0 0 0 0 0 0 ]
[ 0 0 0 0 0 0 0 0 0 0 0 0 0 0 0 0 0 0 0 0 0 0 0 0 0 ]
[ 0 0 0 0 0 0 0 0 0 0 0 0 0 0 0 0 0 0 0 0 0 0 0 0 0 ]
[ 0 0 0 0 0 0 0 0 0 0 0 0 0 0 0 0 0 0 0 0 0 0 0 0 0 ]
[ 0 1 1 1 0 0 0 0 0 0 0 0 0 0 0 0 0 0 0 0 0 0 0 0 0 ]
[ 1 1 1 1 0 0 0 0 0 0 0 0 0 0 0 0 0 0 0 0 0 0 0 0 0 ]
[ 0 0 0 1 0 0 0 0 0 0 0 0 0 0 0 0 0 0 0 0 0 0 0 0 0 ]
[ 1 1 1 1 1 1 1 1 1 1 0 0 0 0 0 0 0 0 0 0 0 0 0 0 0 ]
[ 1 1 1 1 1 1 1 1 1 0 0 0 0 0 0 0 0 0 0 0 0 0 0 0 0 ]
[ 1 1 1 1 1 1 1 1 1 1 0 0 0 0 0 0 0 0 0 0 0 0 0 0 0 ]
[ 1 1 1 1 1 1 1 1 1 0 0 0 0 0 0 0 0 0 0 0 0 0 0 0 0 ]

valeur 46
quotient 2.65194
