n=25/nm=20/n[ 0 0.05 0.05 0.05 0.05 0.05 0.05 0.05 0.05 0.05 0.05 0.05 0.05 0.3 0.3 0.3 0.3 0.3 0.3 0.3 0.3 0.3 0.3 0.3 0.3 ]
[ 0 0.05 0.05 0.05 0.05 0.05 0.05 0.05 0.05 0.05 0.05 0.05 0.05 0.3 0.3 0.3 0.3 0.3 0.3 0.3 0.3 0.3 0.3 0.3 0.3 ]
[ 0 0.05 0.05 0.05 0.05 0.05 0.05 0.05 0.05 0.05 0.05 0.05 0.05 0.3 0.3 0.3 0.3 0.3 0.3 0.3 0.3 0.3 0.3 0.3 0.3 ]
[ 0 0.05 0.05 0.05 0.05 0.05 0.05 0.05 0.05 0.05 0.05 0.05 0.05 0.3 0.3 0.3 0.3 0.3 0.3 0.3 13.6 13.6 13.6 13.6 13.6 ]
[ 0 0.05 0.05 0.05 0.05 0.05 0.05 0.05 0.05 5.85 5.85 5.85 5.85 5.85 5.85 5.85 0.3 0.3 0.3 0.3 13.6 13.6 13.6 13.6 13.6 ]
[ 0 0.05 0.05 0.05 0.05 0.05 0.05 0.05 0.05 5.85 5.85 5.85 5.85 5.85 5.85 5.85 0.3 0.3 0.3 0.3 13.6 13.6 13.6 13.6 13.6 ]
[ 0 0.05 0.05 0.05 0.05 0.05 0.05 0.05 0.05 5.85 5.85 5.85 5.85 5.85 5.85 5.85 0.3 0.3 0.3 0.3 13.6 13.6 13.6 13.6 13.6 ]
[ 0 0.05 0.05 0.05 0.05 0.05 0.05 0.05 0.05 5.85 5.85 5.85 5.85 5.85 5.85 5.85 0.3 0.3 0.3 0.3 13.6 13.6 13.6 13.6 13.6 ]
[ 0 0.05 0.05 0.05 0.05 0.05 0.05 0.05 0.05 5.85 5.85 5.85 5.85 5.85 5.85 5.85 0.3 0.3 0.3 0.3 13.6 13.6 13.6 13.6 13.6 ]
[ 0 0.05 0.05 0.05 0.05 0.05 0.05 0.05 0.05 0.05 0.05 0.05 0.05 0.3 0.3 0.3 0.3 0.3 0.3 0.3 13.6 13.6 13.6 13.6 13.6 ]
[ 0 0.05 0.05 0.05 0.05 0.05 0.05 0.05 0.05 0.05 0.05 0.05 0.05 0.3 0.3 0.3 0.3 0.3 0.3 0.3 13.6 13.6 13.6 13.6 13.6 ]
[ 0 0.05 0.05 0.05 0.05 0.05 0.05 0.05 0.05 0.05 0.05 0.05 0.05 0.3 0.3 0.3 0.3 0.3 0.3 0.3 13.6 13.6 13.6 13.6 13.6 ]
[ 0 0.05 0.05 0.05 0.05 0.05 0.05 0.05 0.05 0.05 0.05 0.05 0.05 0.3 0.3 0.3 0.3 0.3 0.3 0.3 0.3 0.3 0.3 0.3 0.3 ]
[ 0 0.05 0.05 0.05 0.05 0.05 0.05 0.05 0.05 0.05 0.05 0.05 0.05 0.3 0.3 0.3 0.3 0.3 0.3 0.3 0.3 0.3 0.3 0.3 0.3 ]
[ 0 0.05 0.05 0.05 0.05 0.05 0.05 0.05 0.05 0.05 0.05 0.05 0.05 0.3 0.3 0.3 0.3 0.3 0.3 0.3 0.3 0.3 0.054 0.054 0.054 ]
[ 0 0 0 0 0 0 0 0 0 0 0.05 0.05 0.05 0.3 0.3 0.3 0.3 0.3 0.3 0.3 0.3 0.3 0.054 0.054 0.054 ]
[ 0 0 0 0 0 0 0 0 0 0 0.05 0.05 0.05 0.3 0.3 0.3 0.3 0.3 0.3 0.3 0.3 0.3 0.054 0.054 0.054 ]
[ 0 0 0 0 0 0 0 0 0 0 0.05 0.05 0.05 0.3 0.3 0.3 0.3 0.3 0.3 0.3 0.3 0.3 0.054 0.054 0.054 ]
[ 0 0 0 0 0 0 0 0 0 0 0.05 0.05 0.05 0.05 0.05 0.05 0.05 0.05 0.05 0.05 0.05 0.05 0.054 0.054 0.054 ]
[ 0 0 0 0 0 0 0 0 0 0 0.05 0.05 0.05 0.05 0.05 0.05 0.05 0.05 0.05 0.05 0.05 0.05 0.05 0.05 0.05 ]

[ 0 0.75 0.75 0.75 0.75 0.75 0.75 0.75 0.75 0.75 0.75 0.75 0.75 0.67 0.67 0.67 0.67 0.67 0.67 0.67 0.67 0.67 0.67 0.67 0.67 ]
[ 0 0.75 0.75 0.75 0.75 0.75 0.75 0.75 0.75 0.75 0.75 0.75 0.75 0.67 0.67 0.67 0.67 0.67 0.67 0.67 0.67 0.67 0.67 0.67 0.67 ]
[ 0 0.75 0.75 0.75 0.75 0.75 0.75 0.75 0.75 0.75 0.75 0.75 0.75 0.67 0.67 0.67 0.67 0.67 0.67 0.67 0.67 0.67 0.67 0.67 0.67 ]
[ 0 0.75 0.75 0.75 0.75 0.75 0.75 0.75 0.75 0.75 0.75 0.75 0.75 0.67 0.67 0.67 0.67 0.67 0.67 0.67 0.125 0.125 0.125 0.125 0.125 ]
[ 0 0.75 0.75 0.75 0.75 0.75 0.75 0.75 0.75 0.235 0.235 0.235 0.235 0.235 0.235 0.235 0.67 0.67 0.67 0.67 0.125 0.125 0.125 0.125 0.125 ]
[ 0 0.75 0.75 0.75 0.75 0.75 0.75 0.75 0.75 0.235 0.235 0.235 0.235 0.235 0.235 0.235 0.67 0.67 0.67 0.67 0.125 0.125 0.125 0.125 0.125 ]
[ 0 0.75 0.75 0.75 0.75 0.75 0.75 0.75 0.75 0.235 0.235 0.235 0.235 0.235 0.235 0.235 0.67 0.67 0.67 0.67 0.125 0.125 0.125 0.125 0.125 ]
[ 0 0.75 0.75 0.75 0.75 0.75 0.75 0.75 0.75 0.235 0.235 0.235 0.235 0.235 0.235 0.235 0.67 0.67 0.67 0.67 0.125 0.125 0.125 0.125 0.125 ]
[ 0 0.75 0.75 0.75 0.75 0.75 0.75 0.75 0.75 0.235 0.235 0.235 0.235 0.235 0.235 0.235 0.67 0.67 0.67 0.67 0.125 0.125 0.125 0.125 0.125 ]
[ 0 0.75 0.75 0.75 0.75 0.75 0.75 0.75 0.75 0.75 0.75 0.75 0.75 0.67 0.67 0.67 0.67 0.67 0.67 0.67 0.125 0.125 0.125 0.125 0.125 ]
[ 0 0.75 0.75 0.75 0.75 0.75 0.75 0.75 0.75 0.75 0.75 0.75 0.75 0.67 0.67 0.67 0.67 0.67 0.67 0.67 0.125 0.125 0.125 0.125 0.125 ]
[ 0 0.75 0.75 0.75 0.75 0.75 0.75 0.75 0.75 0.75 0.75 0.75 0.75 0.67 0.67 0.67 0.67 0.67 0.67 0.67 0.125 0.125 0.125 0.125 0.125 ]
[ 0 0.75 0.75 0.75 0.75 0.75 0.75 0.75 0.75 0.75 0.75 0.75 0.75 0.67 0.67 0.67 0.67 0.67 0.67 0.67 0.67 0.67 0.67 0.67 0.67 ]
[ 0 0.75 0.75 0.75 0.75 0.75 0.75 0.75 0.75 0.75 0.75 0.75 0.75 0.67 0.67 0.67 0.67 0.67 0.67 0.67 0.67 0.67 0.67 0.67 0.67 ]
[ 0 0.75 0.75 0.75 0.75 0.75 0.75 0.75 0.75 0.75 0.75 0.75 0.75 0.67 0.67 0.67 0.67 0.67 0.67 0.67 0.67 0.67 0.72 0.72 0.72 ]
[ 0 0 0 0 0 0 0 0 0 0 0.75 0.75 0.75 0.67 0.67 0.67 0.67 0.67 0.67 0.67 0.67 0.67 0.72 0.72 0.72 ]
[ 0 0 0 0 0 0 0 0 0 0 0.75 0.75 0.75 0.67 0.67 0.67 0.67 0.67 0.67 0.67 0.67 0.67 0.72 0.72 0.72 ]
[ 0 0 0 0 0 0 0 0 0 0 0.75 0.75 0.75 0.67 0.67 0.67 0.67 0.67 0.67 0.67 0.67 0.67 0.72 0.72 0.72 ]
[ 0 0 0 0 0 0 0 0 0 0 0.75 0.75 0.75 0.75 0.75 0.75 0.75 0.75 0.75 0.75 0.75 0.75 0.72 0.72 0.72 ]
[ 0 0 0 0 0 0 0 0 0 0 0.75 0.75 0.75 0.75 0.75 0.75 0.75 0.75 0.75 0.75 0.75 0.75 0.75 0.75 0.75 ]

[ 0 0 0 0 0 0 0 0 0 0 0 0 0 1 1 1 1 1 1 1 1 1 1 1 1 ]
[ 0 0 0 0 0 0 0 0 0 0 0 0 0 1 1 1 1 1 1 1 1 1 1 1 1 ]
[ 0 0 0 0 0 0 0 0 0 0 0 0 0 1 1 1 1 1 1 1 1 1 1 1 1 ]
[ 0 0 0 0 0 0 0 0 0 0 0 0 0 1 1 1 1 1 1 1 2 2 2 2 2 ]
[ 0 0 0 0 0 0 0 0 0 0.2 0.2 0.2 0.2 0.2 0.2 0.2 1 1 1 1 2 2 2 2 2 ]
[ 0 0 0 0 0 0 0 0 0 0.2 0.2 0.2 0.2 0.2 0.2 0.2 1 1 1 1 2 2 2 2 2 ]
[ 0 0 0 0 0 0 0 0 0 0.2 0.2 0.2 0.2 0.2 0.2 0.2 1 1 1 1 2 2 2 2 2 ]
[ 0 0 0 0 0 0 0 0 0 0.2 0.2 0.2 0.2 0.2 0.2 0.2 1 1 1 1 2 2 2 2 2 ]
[ 0 0 0 0 0 0 0 0 0 0.2 0.2 0.2 0.2 0.2 0.2 0.2 1 1 1 1 2 2 2 2 2 ]
[ 0 0 0 0 0 0 0 0 0 0 0 0 0 1 1 1 1 1 1 1 2 2 2 2 2 ]
[ 0 0 0 0 0 0 0 0 0 0 0 0 0 1 1 1 1 1 1 1 2 2 2 2 2 ]
[ 0 0 0 0 0 0 0 0 0 0 0 0 0 1 1 1 1 1 1 1 2 2 2 2 2 ]
[ 0 0 0 0 0 0 0 0 0 0 0 0 0 1 1 1 1 1 1 1 1 1 1 1 1 ]
[ 0 0 0 0 0 0 0 0 0 0 0 0 0 1 1 1 1 1 1 1 1 1 1 1 1 ]
[ 0 0 0 0 0 0 0 0 0 0 0 0 0 1 1 1 1 1 1 1 1 1 0 0 0 ]
[ 0 0 0 0 0 0 0 0 0 0 0 0 0 1 1 1 1 1 1 1 1 1 0 0 0 ]
[ 0 0 0 0 0 0 0 0 0 0 0 0 0 1 1 1 1 1 1 1 1 1 0 0 0 ]
[ 0 0 0 0 0 0 0 0 0 0 0 0 0 1 1 1 1 1 1 1 1 1 0 0 0 ]
[ 0 0 0 0 0 0 0 0 0 0 0 0 0 0 0 0 0 0 0 0 0 0 0 0 0 ]
[ 0 0 0 0 0 0 0 0 0 0 0 0 0 0 0 0 0 0 0 0 0 0 0 0 0 ]

[ 0 0.75 0.75 0.75 0.75 0.75 0.75 0.75 0.75 0.75 0.75 0.75 0.75 0.67 0.67 0.67 0.67 0.67 0.67 0.67 0.67 0.67 0.67 0.67 0.67 ]
[ 0 0.75 0.75 0.75 0.75 0.75 0.75 0.75 0.75 0.75 0.75 0.75 0.75 0.67 0.67 0.67 0.67 0.67 0.67 0.67 0.67 0.67 0.67 0.67 0.67 ]
[ 0 0.75 0.75 0.75 0.75 0.75 0.75 0.75 0.75 0.75 0.75 0.75 0.75 0.67 0.67 0.67 0.67 0.67 0.67 0.67 0.67 0.67 0.67 0.67 0.67 ]
[ 0 0.75 0.75 0.75 0.75 0.75 0.75 0.75 0.75 0.75 0.75 0.75 0.75 0.67 0.67 0.67 0.67 0.67 0.67 0.67 0.125 0.125 0.125 0.125 0.125 ]
[ 0 0.75 0.75 0.75 0.75 0.75 0.75 0.75 0.75 0.235 0.235 0.235 0.235 0.235 0.235 0.235 0.67 0.67 0.67 0.67 0.125 0.125 0.125 0.125 0.125 ]
[ 0 0.75 0.75 0.75 0.75 0.75 0.75 0.75 0.75 0.235 0.235 0.235 0.235 0.235 0.235 0.235 0.67 0.67 0.67 0.67 0.125 0.125 0.125 0.125 0.125 ]
[ 0 0.75 0.75 0.75 0.75 0.75 0.75 0.75 0.75 0.235 0.235 0.235 0.235 0.235 0.235 0.235 0.67 0.67 0.67 0.67 0.125 0.125 0.125 0.125 0.125 ]
[ 0 0.75 0.75 0.75 0.75 0.75 0.75 0.75 0.75 0.235 0.235 0.235 0.235 0.235 0.235 0.235 0.67 0.67 0.67 0.67 0.125 0.125 0.125 0.125 0.125 ]
[ 0 0.75 0.75 0.75 0.75 0.75 0.75 0.75 0.75 0.235 0.235 0.235 0.235 0.235 0.235 0.235 0.67 0.67 0.67 0.67 0.125 0.125 0.125 0.125 0.125 ]
[ 0 0.75 0.75 0.75 0.75 0.75 0.75 0.75 0.75 0.75 0.75 0.75 0.75 0.67 0.67 0.67 0.67 0.67 0.67 0.67 0.125 0.125 0.125 0.125 0.125 ]
[ 0 0.75 0.75 0.75 0.75 0.75 0.75 0.75 0.75 0.75 0.75 0.75 0.75 0.67 0.67 0.67 0.67 0.67 0.67 0.67 0.125 0.125 0.125 0.125 0.125 ]
[ 0 0.75 0.75 0.75 0.75 0.75 0.75 0.75 0.75 0.75 0.75 0.75 0.75 0.67 0.67 0.67 0.67 0.67 0.67 0.67 0.125 0.125 0.125 0.125 0.125 ]
[ 0 0.75 0.75 0.75 0.75 0.75 0.75 0.75 0.75 0.75 0.75 0.75 0.75 0.67 0.67 0.67 0.67 0.67 0.67 0.67 0.67 0.67 0.67 0.67 0.67 ]
[ 0 0.75 0.75 0.75 0.75 0.75 0.75 0.75 0.75 0.75 0.75 0.75 0.75 0.67 0.67 0.67 0.67 0.67 0.67 0.67 0.67 0.67 0.67 0.67 0.67 ]
[ 0 0.75 0.75 0.75 0.75 0.75 0.75 0.75 0.75 0.75 0.75 0.75 0.75 0.67 0.67 0.67 0.67 0.67 0.67 0.67 0.67 0.67 0.72 0.72 0.72 ]
[ 0 0 0 0 0 0 0 0 0 0 0.75 0.75 0.75 0.67 0.67 0.67 0.67 0.67 0.67 0.67 0.67 0.67 0.72 0.72 0.72 ]
[ 0 0 0 0 0 0 0 0 0 0 0.75 0.75 0.75 0.67 0.67 0.67 0.67 0.67 0.67 0.67 0.67 0.67 0.72 0.72 0.72 ]
[ 0 0 0 0 0 0 0 0 0 0 0.75 0.75 0.75 0.67 0.67 0.67 0.67 0.67 0.67 0.67 0.67 0.67 0.72 0.72 0.72 ]
[ 0 0 0 0 0 0 0 0 0 0 0.75 0.75 0.75 0.75 0.75 0.75 0.75 0.75 0.75 0.75 0.75 0.75 0.72 0.72 0.72 ]
[ 0 0 0 0 0 0 0 0 0 0 0.75 0.75 0.75 0.75 0.75 0.75 0.75 0.75 0.75 0.75 0.75 0.75 0.75 0.75 0.75 ]

quotient solution initiale: 15.6
solution initiale admissible
[ 0 0 0 0 0 0 0 0 0 0 0 0 0 0 0 0 0 0 0 0 0 0 0 0 0 ]
[ 0 0 0 0 0 0 0 0 0 0 0 0 0 0 0 0 0 0 0 0 0 0 0 0 0 ]
[ 0 0 0 0 0 0 0 0 0 0 0 0 0 0 0 0 0 0 0 0 0 0 0 0 0 ]
[ 0 0 0 0 0 0 0 0 0 0 0 0 0 0 0 0 0 0 0 0 1 0 0 0 0 ]
[ 0 0 0 0 0 0 0 0 0 0 0 0 0 0 0 0 0 0 0 0 0 0 0 0 0 ]
[ 0 0 0 0 0 0 0 0 0 0 0 0 0 0 0 0 0 0 0 0 0 0 0 0 0 ]
[ 0 0 0 0 0 0 0 0 0 0 0 0 0 0 0 0 0 0 0 0 0 0 0 0 0 ]
[ 0 0 0 0 0 0 0 0 0 0 0 0 0 0 0 0 0 0 0 0 0 0 0 0 0 ]
[ 0 0 0 0 0 0 0 0 0 0 0 0 0 0 0 0 0 0 0 0 0 0 0 0 0 ]
[ 0 0 0 0 0 0 0 0 0 0 0 0 0 0 0 0 0 0 0 0 0 0 0 0 0 ]
[ 0 0 0 0 0 0 0 0 0 0 0 0 0 0 0 0 0 0 0 0 0 0 0 0 0 ]
[ 0 0 0 0 0 0 0 0 0 0 0 0 0 0 0 0 0 0 0 0 0 0 0 0 0 ]
[ 0 0 0 0 0 0 0 0 0 0 0 0 0 0 0 0 0 0 0 0 0 0 0 0 0 ]
[ 0 0 0 0 0 0 0 0 0 0 0 0 0 0 0 0 0 0 0 0 0 0 0 0 0 ]
[ 0 0 0 0 0 0 0 0 0 0 0 0 0 0 0 0 0 0 0 0 0 0 0 0 0 ]
[ 0 0 0 0 0 0 0 0 0 0 0 0 0 0 0 0 0 0 0 0 0 0 0 0 0 ]
[ 0 0 0 0 0 0 0 0 0 0 0 0 0 0 0 0 0 0 0 0 0 0 0 0 0 ]
[ 0 0 0 0 0 0 0 0 0 0 0 0 0 0 0 0 0 0 0 0 0 0 0 0 0 ]
[ 0 0 0 0 0 0 0 0 0 0 0 0 0 0 0 0 0 0 0 0 0 0 0 0 0 ]
[ 0 0 0 0 0 0 0 0 0 0 0 0 0 0 0 0 0 0 0 0 0 0 0 0 0 ]

Paramètres
Tinit = 1000
phi =0.8
Kmax = 50
r = 50
Itération = 0
Temperature = 1000
Temps de l'éxecution = 1
Meileure solution trouvée jusqu'à présent = 52
Quotient de la meilleure solution trouvee = 9.37909
Itération = 1
Temperature = 800
Temps de l'éxecution = 2
Meileure solution trouvée jusqu'à présent = 57
Quotient de la meilleure solution trouvee = 7.50985
Itération = 2
Temperature = 640
Temps de l'éxecution = 1
Meileure solution trouvée jusqu'à présent = 60
Quotient de la meilleure solution trouvee = 6.76217
Itération = 3
Temperature = 512
Temps de l'éxecution = 2
Meileure solution trouvée jusqu'à présent = 67
Quotient de la meilleure solution trouvee = 5.57575
Itération = 4
Temperature = 409.6
Temps de l'éxecution = 2
Meileure solution trouvée jusqu'à présent = 71
Quotient de la meilleure solution trouvee = 5.10792
Itération = 5
Temperature = 327.68
Temps de l'éxecution = 2
Meileure solution trouvée jusqu'à présent = 73
Quotient de la meilleure solution trouvee = 4.9112
Itération = 6
Temperature = 262.144
Temps de l'éxecution = 3
Meileure solution trouvée jusqu'à présent = 114
Quotient de la meilleure solution trouvee = 4.57082
Itération = 7
Temperature = 209.715
Temps de l'éxecution = 2
Meileure solution trouvée jusqu'à présent = 122
Quotient de la meilleure solution trouvee = 4.12987
Itération = 8
Temperature = 167.772
Temps de l'éxecution = 3
Meileure solution trouvée jusqu'à présent = 124
Quotient de la meilleure solution trouvee = 4.02055
Itération = 9
Temperature = 134.218
Temps de l'éxecution = 3
Meileure solution trouvée jusqu'à présent = 134
Quotient de la meilleure solution trouvee = 3.63634
Itération = 10
Temperature = 107.374
Temps de l'éxecution = 4
Meileure solution trouvée jusqu'à présent = 143
Quotient de la meilleure solution trouvee = 3.33408
Itération = 11
Temperature = 85.8994
Temps de l'éxecution = 3
Meileure solution trouvée jusqu'à présent = 150
Quotient de la meilleure solution trouvee = 3.1771
Itération = 12
Temperature = 68.7195
Temps de l'éxecution = 3
Meileure solution trouvée jusqu'à présent = 153
Quotient de la meilleure solution trouvee = 3.10271
Itération = 13
Temperature = 54.9756
Temps de l'éxecution = 4
Meileure solution trouvée jusqu'à présent = 154
Quotient de la meilleure solution trouvee = 3.02532
Itération = 14
Temperature = 43.9805
Temps de l'éxecution = 4
Meileure solution trouvée jusqu'à présent = 154
Quotient de la meilleure solution trouvee = 3.02532
Temps d'éxécution total = 39
[ 0 0 0 0 0 0 0 0 0 0 0 0 0 0 0 0 1 1 1 1 1 0 0 0 0 ]
[ 0 0 0 0 0 0 0 0 0 0 0 0 0 0 0 0 0 1 0 1 1 1 0 0 0 ]
[ 0 0 0 0 0 0 0 0 0 0 0 0 0 0 0 1 0 0 0 1 1 1 1 1 1 ]
[ 0 0 0 0 0 0 0 0 0 1 0 0 0 1 0 1 0 1 0 1 1 1 1 1 1 ]
[ 0 0 0 0 0 0 0 1 1 1 1 1 1 1 1 1 1 1 0 0 1 1 1 1 1 ]
[ 0 0 0 0 0 0 1 1 0 1 1 1 1 1 1 1 0 1 0 1 1 1 1 1 1 ]
[ 0 0 0 0 0 0 0 0 1 1 1 1 1 1 1 1 1 1 1 1 1 1 1 1 1 ]
[ 0 0 0 0 0 0 0 0 1 1 1 1 1 1 1 1 0 1 1 1 1 1 1 1 1 ]
[ 0 0 0 0 0 0 0 0 1 1 1 1 1 1 1 1 1 1 1 1 1 1 1 1 1 ]
[ 0 0 0 0 0 0 0 0 0 0 0 0 1 1 1 1 0 1 1 1 1 1 1 1 1 ]
[ 0 0 0 0 0 0 0 0 0 0 0 0 0 0 1 0 0 1 1 1 1 1 1 1 1 ]
[ 0 0 0 0 0 0 0 0 0 0 0 0 0 0 1 1 0 1 1 1 1 1 1 1 1 ]
[ 0 0 0 0 0 0 0 0 0 0 0 0 0 1 1 0 0 0 0 0 1 0 0 1 1 ]
[ 0 0 0 0 0 0 0 0 0 0 0 0 0 0 0 0 0 0 0 0 1 0 0 0 0 ]
[ 0 0 0 0 0 0 0 0 0 0 0 0 0 0 0 0 0 0 0 0 1 1 1 1 0 ]
[ 0 0 0 0 0 0 0 0 0 0 0 0 0 0 0 0 0 0 1 1 1 1 0 0 0 ]
[ 0 0 0 0 0 0 0 0 0 0 0 0 0 0 0 0 0 0 0 0 1 0 0 0 0 ]
[ 0 0 0 0 0 0 0 0 0 0 0 0 0 0 0 0 0 0 0 0 0 0 0 0 0 ]
[ 0 0 0 0 0 0 0 0 0 0 0 0 0 0 0 0 0 0 0 0 0 0 0 0 0 ]
[ 0 0 0 0 0 0 0 0 0 0 0 0 0 0 0 0 0 0 0 0 0 0 0 0 0 ]

valeur 154
quotient 3.02532
