n=30/nm=25/n[ 0 0 0 0.56 0.56 0.56 0.56 0.56 0.56 0.56 0.56 0.05 0.05 0.05 0.05 0.05 1.3 1.3 1.3 1.3 1.3 1.3 1.3 0.05 0.05 0.05 0.05 0.05 0.05 0.05 ]
[ 0 0 0 0.56 0.56 0.56 0.56 0.56 0.56 0.56 0.56 0.05 0.05 0.05 0.05 0.05 1.3 1.3 1.3 1.3 1.3 1.3 1.3 0.05 0.05 0.05 0.05 0.05 0.05 0.05 ]
[ 0 0 0 0.56 0.56 0.56 0.56 0.56 0.56 0.56 0.054 0.054 0.054 0.054 0.054 0.054 1.3 1.3 1.3 1.3 1.3 1.3 1.3 0.05 0.054 0.054 0.054 0.05 0.05 0.05 ]
[ 0 0 0 0.56 0.56 0.56 0.56 0.56 0.56 0.56 0.054 0.054 0.054 0.054 0.054 0.054 1.3 1.3 1.3 1.3 1.3 1.3 1.3 0.05 0.054 0.054 0.054 0.05 0.05 0.05 ]
[ 0 0 0 0.56 0.56 0.56 0.56 0.56 0.56 0.56 0.054 0.054 0.054 0.054 0.054 0.054 1.3 1.3 1.3 1.3 1.3 1.3 1.3 0.05 0.054 0.054 0.054 0.05 0.05 0.05 ]
[ 0 0 0 0.56 0.56 0.56 0.56 0.56 0.56 0.56 0.054 0.054 0.054 0.054 0.054 0.054 1.3 1.3 1.3 1.3 1.3 1.3 1.3 0.05 0.054 0.054 0.054 0.05 0.05 0.05 ]
[ 0 0 0 0.56 0.56 0.56 0.56 0.56 0.56 0.56 0.054 0.054 0.054 0.054 0.054 0.054 1.3 1.3 1.3 1.3 1.3 1.3 1.3 0.05 0.054 0.054 0.054 0.05 0.05 0.05 ]
[ 0 0 0 0.56 0.56 0.56 0.56 0.56 0.56 0.56 0.054 0.054 0.054 0.054 0.054 0.054 1.3 1.3 1.3 1.3 1.3 1.3 1.3 0.05 0.054 0.054 0.054 0.05 0.05 0.05 ]
[ 0 0 0 0.56 0.56 0.56 0.56 0.56 0.56 0.56 0.054 0.054 0.054 0.054 0.56 0.56 1.3 1.3 1.3 1.3 1.3 1.3 1.3 0.054 0.054 0.054 0.054 0.05 0.05 0.05 ]
[ 0 0 0 0.56 0.56 0.56 0.56 0.56 0.56 0.56 0.054 0.054 0.054 0.054 0.56 0.56 0.56 0.56 0.56 0.56 0.56 0.56 0.56 0.054 0.054 0.054 0.054 0.05 0.05 0.05 ]
[ 0 0 0 0.56 0.56 0.56 0.56 0.56 0.56 0.56 0.054 0.054 0.054 0.054 0.56 0.56 0.56 0.56 0.56 0.56 0.56 0.56 0.56 0.054 0.054 0.054 0.054 0.05 0.05 0.05 ]
[ 0 0 0 0.56 0.56 0.56 0.56 0.56 0.56 0.56 0.054 0.054 0.054 0.054 0.56 0.56 0.56 0.56 0.56 0.56 0.56 0.56 0.56 0.054 0.054 0.054 0.054 0.05 0.05 0.05 ]
[ 0 0 0 0.56 0.56 0.56 0.56 0.56 0.56 0.56 0.054 0.054 0.054 0.054 0.56 0.56 0.56 0.56 0.56 0.56 0.56 0.56 0.56 0.054 0.054 0.054 0.054 0.56 0.56 0.56 ]
[ 0 0 0 0.56 0.56 0.56 0.56 0.56 0.56 0.56 0.054 0.054 0.054 0.054 0.054 0.054 0.054 0.054 0.054 0.054 0.054 0.054 0.054 0.054 0.054 0.054 0.054 0.56 0.56 0.56 ]
[ 0 0 0 0.56 0.56 0.56 0.56 0.56 0.56 0.56 0.054 0.054 0.054 0.054 0.054 0.054 0.054 0.054 0.054 0.054 0.054 0.054 0.054 0.054 0.054 0.054 0.054 0.56 0.56 0.56 ]
[ 0 0 0 0.56 0.56 0.56 0.56 0.56 0.56 0.56 0.054 0.054 0.054 0.054 0.054 0.054 0.054 0.054 0.054 0.054 0.054 0.054 0.054 0.054 0.054 0.054 0.054 0.56 0.56 0.56 ]
[ 0 0 0 0.56 0.56 0.56 0.56 0.56 0.56 0.56 0.054 0.054 0.054 0.054 0.054 0.054 0.054 0.054 0.054 0.054 0.054 0.054 0.054 0.054 0.054 0.054 0.054 0.56 0.56 0.56 ]
[ 0 0 0 0 0 0 0 0 0 0 0.054 0.054 0.054 0.054 0.054 0.054 0.054 0.054 0.054 0.054 0.054 0.054 0.054 0.054 0.054 0.054 0.054 0 0 0 ]
[ 0 0 0 0 0 0 0 0 0 0 0.054 0.054 0.054 0.054 0.054 0.054 0.054 0.054 0.054 0.054 0.054 0.054 0.054 0.054 0.054 0.054 0.054 0 0 0 ]
[ 0 0 0 0 0 0 0 0 0 0 0 0 0 0 0 0 0 0 0 0 0 0 0 0 0 0 0 0 0 0 ]
[ 0 0 0 0 0 0 0 0 0 0 0 0 0 0 0 0 0 0 0 0 0 0 0 0 0 0 0 0 0 0 ]
[ 0 0 0 0 0 0 0 0 0 0 0 0 0 0 0 0 0 0 0 0 0 0 0 0 0 0 0 0 0 0 ]
[ 0 0 0 0 0 0 0 0 0 0 0 0 0 0 0 0 0 0 0 0 0 0 0 0 0 0 0 0 0 0 ]
[ 0 0 0 0 0 0 0 0 0 0 0 0 0 0 0 0 0 0 0 0 0 0 0 0 0 0 0 0 0 0 ]
[ 0 0 0 0 0 0 0 0 0 0 0 0 0 0 0 0 0 0 0 0 0 0 0 0 0 0 0 0 0 0 ]

[ 0 0 0 0.62 0.62 0.62 0.62 0.62 0.62 0.62 0.62 0.75 0.75 0.75 0.75 0.75 0.5 0.5 0.5 0.5 0.5 0.5 0.5 0.75 0.75 0.75 0.75 0.75 0.75 0.75 ]
[ 0 0 0 0.62 0.62 0.62 0.62 0.62 0.62 0.62 0.62 0.75 0.75 0.75 0.75 0.75 0.5 0.5 0.5 0.5 0.5 0.5 0.5 0.75 0.75 0.75 0.75 0.75 0.75 0.75 ]
[ 0 0 0 0.62 0.62 0.62 0.62 0.62 0.62 0.62 0.72 0.72 0.72 0.72 0.72 0.72 0.5 0.5 0.5 0.5 0.5 0.5 0.5 0.75 0.72 0.72 0.72 0.75 0.75 0.75 ]
[ 0 0 0 0.62 0.62 0.62 0.62 0.62 0.62 0.62 0.72 0.72 0.72 0.72 0.72 0.72 0.5 0.5 0.5 0.5 0.5 0.5 0.5 0.75 0.72 0.72 0.72 0.75 0.75 0.75 ]
[ 0 0 0 0.62 0.62 0.62 0.62 0.62 0.62 0.62 0.72 0.72 0.72 0.72 0.72 0.72 0.5 0.5 0.5 0.5 0.5 0.5 0.5 0.75 0.72 0.72 0.72 0.75 0.75 0.75 ]
[ 0 0 0 0.62 0.62 0.62 0.62 0.62 0.62 0.62 0.72 0.72 0.72 0.72 0.72 0.72 0.5 0.5 0.5 0.5 0.5 0.5 0.5 0.75 0.72 0.72 0.72 0.75 0.75 0.75 ]
[ 0 0 0 0.62 0.62 0.62 0.62 0.62 0.62 0.62 0.72 0.72 0.72 0.72 0.72 0.72 0.5 0.5 0.5 0.5 0.5 0.5 0.5 0.75 0.72 0.72 0.72 0.75 0.75 0.75 ]
[ 0 0 0 0.62 0.62 0.62 0.62 0.62 0.62 0.62 0.72 0.72 0.72 0.72 0.72 0.72 0.5 0.5 0.5 0.5 0.5 0.5 0.5 0.75 0.72 0.72 0.72 0.75 0.75 0.75 ]
[ 0 0 0 0.62 0.62 0.62 0.62 0.62 0.62 0.62 0.72 0.72 0.72 0.72 0.62 0.62 0.5 0.5 0.5 0.5 0.5 0.5 0.5 0.72 0.72 0.72 0.72 0.75 0.75 0.75 ]
[ 0 0 0 0.62 0.62 0.62 0.62 0.62 0.62 0.62 0.72 0.72 0.72 0.72 0.62 0.62 0.62 0.62 0.62 0.62 0.62 0.62 0.62 0.72 0.72 0.72 0.72 0.75 0.75 0.75 ]
[ 0 0 0 0.62 0.62 0.62 0.62 0.62 0.62 0.62 0.72 0.72 0.72 0.72 0.62 0.62 0.62 0.62 0.62 0.62 0.62 0.62 0.62 0.72 0.72 0.72 0.72 0.75 0.75 0.75 ]
[ 0 0 0 0.62 0.62 0.62 0.62 0.62 0.62 0.62 0.72 0.72 0.72 0.72 0.62 0.62 0.62 0.62 0.62 0.62 0.62 0.62 0.62 0.72 0.72 0.72 0.72 0.75 0.75 0.75 ]
[ 0 0 0 0.62 0.62 0.62 0.62 0.62 0.62 0.62 0.72 0.72 0.72 0.72 0.62 0.62 0.62 0.62 0.62 0.62 0.62 0.62 0.62 0.72 0.72 0.72 0.72 0.62 0.62 0.62 ]
[ 0 0 0 0.62 0.62 0.62 0.62 0.62 0.62 0.62 0.72 0.72 0.72 0.72 0.72 0.72 0.72 0.72 0.72 0.72 0.72 0.72 0.72 0.72 0.72 0.72 0.72 0.62 0.62 0.62 ]
[ 0 0 0 0.62 0.62 0.62 0.62 0.62 0.62 0.62 0.72 0.72 0.72 0.72 0.72 0.72 0.72 0.72 0.72 0.72 0.72 0.72 0.72 0.72 0.72 0.72 0.72 0.62 0.62 0.62 ]
[ 0 0 0 0.62 0.62 0.62 0.62 0.62 0.62 0.62 0.72 0.72 0.72 0.72 0.72 0.72 0.72 0.72 0.72 0.72 0.72 0.72 0.72 0.72 0.72 0.72 0.72 0.62 0.62 0.62 ]
[ 0 0 0 0.62 0.62 0.62 0.62 0.62 0.62 0.62 0.72 0.72 0.72 0.72 0.72 0.72 0.72 0.72 0.72 0.72 0.72 0.72 0.72 0.72 0.72 0.72 0.72 0.62 0.62 0.62 ]
[ 0 0 0 0 0 0 0 0 0 0 0.72 0.72 0.72 0.72 0.72 0.72 0.72 0.72 0.72 0.72 0.72 0.72 0.72 0.72 0.72 0.72 0.72 0 0 0 ]
[ 0 0 0 0 0 0 0 0 0 0 0.72 0.72 0.72 0.72 0.72 0.72 0.72 0.72 0.72 0.72 0.72 0.72 0.72 0.72 0.72 0.72 0.72 0 0 0 ]
[ 0 0 0 0 0 0 0 0 0 0 0 0 0 0 0 0 0 0 0 0 0 0 0 0 0 0 0 0 0 0 ]
[ 0 0 0 0 0 0 0 0 0 0 0 0 0 0 0 0 0 0 0 0 0 0 0 0 0 0 0 0 0 0 ]
[ 0 0 0 0 0 0 0 0 0 0 0 0 0 0 0 0 0 0 0 0 0 0 0 0 0 0 0 0 0 0 ]
[ 0 0 0 0 0 0 0 0 0 0 0 0 0 0 0 0 0 0 0 0 0 0 0 0 0 0 0 0 0 0 ]
[ 0 0 0 0 0 0 0 0 0 0 0 0 0 0 0 0 0 0 0 0 0 0 0 0 0 0 0 0 0 0 ]
[ 0 0 0 0 0 0 0 0 0 0 0 0 0 0 0 0 0 0 0 0 0 0 0 0 0 0 0 0 0 0 ]

[ 0 0 0 0.2 0.2 0.2 0.2 0.2 0.2 0.2 0.2 2 2 2 2 2 0.2 0.2 0.2 0.2 0.2 0.2 0.2 2 2 2 2 2 2 2 ]
[ 0 0 0 0.2 0.2 0.2 0.2 0.2 0.2 0.2 0.2 2 2 2 2 2 0.2 0.2 0.2 0.2 0.2 0.2 0.2 2 2 2 2 2 2 2 ]
[ 0 0 0 0.2 0.2 0.2 0.2 0.2 0.2 0.2 0 0 0 0 0 0 0.2 0.2 0.2 0.2 0.2 0.2 0.2 2 0 0 0 2 2 2 ]
[ 0 0 0 0.2 0.2 0.2 0.2 0.2 0.2 0.2 0 0 0 0 0 0 0.2 0.2 0.2 0.2 0.2 0.2 0.2 2 0 0 0 2 2 2 ]
[ 0 0 0 0.2 0.2 0.2 0.2 0.2 0.2 0.2 0 0 0 0 0 0 0.2 0.2 0.2 0.2 0.2 0.2 0.2 2 0 0 0 2 2 2 ]
[ 0 0 0 0.2 0.2 0.2 0.2 0.2 0.2 0.2 0 0 0 0 0 0 0.2 0.2 0.2 0.2 0.2 0.2 0.2 2 0 0 0 2 2 2 ]
[ 0 0 0 0.2 0.2 0.2 0.2 0.2 0.2 0.2 0 0 0 0 0 0 0.2 0.2 0.2 0.2 0.2 0.2 0.2 2 0 0 0 2 2 2 ]
[ 0 0 0 0.2 0.2 0.2 0.2 0.2 0.2 0.2 0 0 0 0 0 0 0.2 0.2 0.2 0.2 0.2 0.2 0.2 2 0 0 0 2 2 2 ]
[ 0 0 0 0.2 0.2 0.2 0.2 0.2 0.2 0.2 0 0 0 0 0.2 0.2 0.2 0.2 0.2 0.2 0.2 0.2 0.2 0 0 0 0 2 2 2 ]
[ 0 0 0 0.2 0.2 0.2 0.2 0.2 0.2 0.2 0 0 0 0 0.2 0.2 0.2 0.2 0.2 0.2 0.2 0.2 0.2 0 0 0 0 2 2 2 ]
[ 0 0 0 0.2 0.2 0.2 0.2 0.2 0.2 0.2 0 0 0 0 0.2 0.2 0.2 0.2 0.2 0.2 0.2 0.2 0.2 0 0 0 0 2 2 2 ]
[ 0 0 0 0.2 0.2 0.2 0.2 0.2 0.2 0.2 0 0 0 0 0.2 0.2 0.2 0.2 0.2 0.2 0.2 0.2 0.2 0 0 0 0 2 2 2 ]
[ 0 0 0 0.2 0.2 0.2 0.2 0.2 0.2 0.2 0 0 0 0 0.2 0.2 0.2 0.2 0.2 0.2 0.2 0.2 0.2 0 0 0 0 0.2 0.2 0.2 ]
[ 0 0 0 0.2 0.2 0.2 0.2 0.2 0.2 0.2 0 0 0 0 0 0 0 0 0 0 0 0 0 0 0 0 0 0.2 0.2 0.2 ]
[ 0 0 0 0.2 0.2 0.2 0.2 0.2 0.2 0.2 0 0 0 0 0 0 0 0 0 0 0 0 0 0 0 0 0 0.2 0.2 0.2 ]
[ 0 0 0 0.2 0.2 0.2 0.2 0.2 0.2 0.2 0 0 0 0 0 0 0 0 0 0 0 0 0 0 0 0 0 0.2 0.2 0.2 ]
[ 0 0 0 0.2 0.2 0.2 0.2 0.2 0.2 0.2 0 0 0 0 0 0 0 0 0 0 0 0 0 0 0 0 0 0.2 0.2 0.2 ]
[ 0 0 0 0 0 0 0 0 0 0 0 0 0 0 0 0 0 0 0 0 0 0 0 0 0 0 0 0 0 0 ]
[ 0 0 0 0 0 0 0 0 0 0 0 0 0 0 0 0 0 0 0 0 0 0 0 0 0 0 0 0 0 0 ]
[ 0 0 0 0 0 0 0 0 0 0 0 0 0 0 0 0 0 0 0 0 0 0 0 0 0 0 0 0 0 0 ]
[ 0 0 0 0 0 0 0 0 0 0 0 0 0 0 0 0 0 0 0 0 0 0 0 0 0 0 0 0 0 0 ]
[ 0 0 0 0 0 0 0 0 0 0 0 0 0 0 0 0 0 0 0 0 0 0 0 0 0 0 0 0 0 0 ]
[ 0 0 0 0 0 0 0 0 0 0 0 0 0 0 0 0 0 0 0 0 0 0 0 0 0 0 0 0 0 0 ]
[ 0 0 0 0 0 0 0 0 0 0 0 0 0 0 0 0 0 0 0 0 0 0 0 0 0 0 0 0 0 0 ]
[ 0 0 0 0 0 0 0 0 0 0 0 0 0 0 0 0 0 0 0 0 0 0 0 0 0 0 0 0 0 0 ]

[ 0 0 0 0.62 0.62 0.62 0.62 0.62 0.62 0.62 0.62 0.75 0.75 0.75 0.75 0.75 0.5 0.5 0.5 0.5 0.5 0.5 0.5 0.75 0.75 0.75 0.75 0.75 0.75 0.75 ]
[ 0 0 0 0.62 0.62 0.62 0.62 0.62 0.62 0.62 0.62 0.75 0.75 0.75 0.75 0.75 0.5 0.5 0.5 0.5 0.5 0.5 0.5 0.75 0.75 0.75 0.75 0.75 0.75 0.75 ]
[ 0 0 0 0.62 0.62 0.62 0.62 0.62 0.62 0.62 0.72 0.72 0.72 0.72 0.72 0.72 0.5 0.5 0.5 0.5 0.5 0.5 0.5 0.75 0.72 0.72 0.72 0.75 0.75 0.75 ]
[ 0 0 0 0.62 0.62 0.62 0.62 0.62 0.62 0.62 0.72 0.72 0.72 0.72 0.72 0.72 0.5 0.5 0.5 0.5 0.5 0.5 0.5 0.75 0.72 0.72 0.72 0.75 0.75 0.75 ]
[ 0 0 0 0.62 0.62 0.62 0.62 0.62 0.62 0.62 0.72 0.72 0.72 0.72 0.72 0.72 0.5 0.5 0.5 0.5 0.5 0.5 0.5 0.75 0.72 0.72 0.72 0.75 0.75 0.75 ]
[ 0 0 0 0.62 0.62 0.62 0.62 0.62 0.62 0.62 0.72 0.72 0.72 0.72 0.72 0.72 0.5 0.5 0.5 0.5 0.5 0.5 0.5 0.75 0.72 0.72 0.72 0.75 0.75 0.75 ]
[ 0 0 0 0.62 0.62 0.62 0.62 0.62 0.62 0.62 0.72 0.72 0.72 0.72 0.72 0.72 0.5 0.5 0.5 0.5 0.5 0.5 0.5 0.75 0.72 0.72 0.72 0.75 0.75 0.75 ]
[ 0 0 0 0.62 0.62 0.62 0.62 0.62 0.62 0.62 0.72 0.72 0.72 0.72 0.72 0.72 0.5 0.5 0.5 0.5 0.5 0.5 0.5 0.75 0.72 0.72 0.72 0.75 0.75 0.75 ]
[ 0 0 0 0.62 0.62 0.62 0.62 0.62 0.62 0.62 0.72 0.72 0.72 0.72 0.62 0.62 0.5 0.5 0.5 0.5 0.5 0.5 0.5 0.72 0.72 0.72 0.72 0.75 0.75 0.75 ]
[ 0 0 0 0.62 0.62 0.62 0.62 0.62 0.62 0.62 0.72 0.72 0.72 0.72 0.62 0.62 0.62 0.62 0.62 0.62 0.62 0.62 0.62 0.72 0.72 0.72 0.72 0.75 0.75 0.75 ]
[ 0 0 0 0.62 0.62 0.62 0.62 0.62 0.62 0.62 0.72 0.72 0.72 0.72 0.62 0.62 0.62 0.62 0.62 0.62 0.62 0.62 0.62 0.72 0.72 0.72 0.72 0.75 0.75 0.75 ]
[ 0 0 0 0.62 0.62 0.62 0.62 0.62 0.62 0.62 0.72 0.72 0.72 0.72 0.62 0.62 0.62 0.62 0.62 0.62 0.62 0.62 0.62 0.72 0.72 0.72 0.72 0.75 0.75 0.75 ]
[ 0 0 0 0.62 0.62 0.62 0.62 0.62 0.62 0.62 0.72 0.72 0.72 0.72 0.62 0.62 0.62 0.62 0.62 0.62 0.62 0.62 0.62 0.72 0.72 0.72 0.72 0.62 0.62 0.62 ]
[ 0 0 0 0.62 0.62 0.62 0.62 0.62 0.62 0.62 0.72 0.72 0.72 0.72 0.72 0.72 0.72 0.72 0.72 0.72 0.72 0.72 0.72 0.72 0.72 0.72 0.72 0.62 0.62 0.62 ]
[ 0 0 0 0.62 0.62 0.62 0.62 0.62 0.62 0.62 0.72 0.72 0.72 0.72 0.72 0.72 0.72 0.72 0.72 0.72 0.72 0.72 0.72 0.72 0.72 0.72 0.72 0.62 0.62 0.62 ]
[ 0 0 0 0.62 0.62 0.62 0.62 0.62 0.62 0.62 0.72 0.72 0.72 0.72 0.72 0.72 0.72 0.72 0.72 0.72 0.72 0.72 0.72 0.72 0.72 0.72 0.72 0.62 0.62 0.62 ]
[ 0 0 0 0.62 0.62 0.62 0.62 0.62 0.62 0.62 0.72 0.72 0.72 0.72 0.72 0.72 0.72 0.72 0.72 0.72 0.72 0.72 0.72 0.72 0.72 0.72 0.72 0.62 0.62 0.62 ]
[ 0 0 0 0 0 0 0 0 0 0 0.72 0.72 0.72 0.72 0.72 0.72 0.72 0.72 0.72 0.72 0.72 0.72 0.72 0.72 0.72 0.72 0.72 0 0 0 ]
[ 0 0 0 0 0 0 0 0 0 0 0.72 0.72 0.72 0.72 0.72 0.72 0.72 0.72 0.72 0.72 0.72 0.72 0.72 0.72 0.72 0.72 0.72 0 0 0 ]
[ 0 0 0 0 0 0 0 0 0 0 0 0 0 0 0 0 0 0 0 0 0 0 0 0 0 0 0 0 0 0 ]
[ 0 0 0 0 0 0 0 0 0 0 0 0 0 0 0 0 0 0 0 0 0 0 0 0 0 0 0 0 0 0 ]
[ 0 0 0 0 0 0 0 0 0 0 0 0 0 0 0 0 0 0 0 0 0 0 0 0 0 0 0 0 0 0 ]
[ 0 0 0 0 0 0 0 0 0 0 0 0 0 0 0 0 0 0 0 0 0 0 0 0 0 0 0 0 0 0 ]
[ 0 0 0 0 0 0 0 0 0 0 0 0 0 0 0 0 0 0 0 0 0 0 0 0 0 0 0 0 0 0 ]
[ 0 0 0 0 0 0 0 0 0 0 0 0 0 0 0 0 0 0 0 0 0 0 0 0 0 0 0 0 0 0 ]

quotient solution initiale: 2.05
solution initiale admissible
[ 0 0 0 0 0 0 0 0 0 0 0 0 0 0 0 0 0 0 0 0 0 0 0 0 0 0 0 0 0 0 ]
[ 0 0 0 0 0 0 0 0 0 0 0 0 0 0 0 0 0 0 0 0 0 0 0 0 0 0 0 0 0 0 ]
[ 0 0 0 0 0 0 0 0 0 0 0 0 0 0 0 0 0 0 0 0 0 0 0 0 0 0 0 0 0 0 ]
[ 0 0 0 0 0 0 0 0 0 0 0 0 0 0 0 0 0 0 0 0 0 0 0 0 0 0 0 0 0 0 ]
[ 0 0 0 0 0 0 0 0 0 0 0 0 0 0 0 0 0 0 0 0 0 0 0 0 0 0 0 0 0 0 ]
[ 0 0 0 0 0 0 0 0 0 0 0 0 0 0 0 0 0 0 0 0 0 0 0 0 0 0 0 0 0 0 ]
[ 0 0 0 0 0 0 0 0 0 0 0 0 0 0 0 0 0 0 0 0 0 0 0 0 0 0 0 0 0 0 ]
[ 0 0 0 0 0 0 0 0 0 0 0 0 0 0 0 0 0 0 0 0 0 0 0 0 0 0 0 0 0 0 ]
[ 0 0 0 0 0 0 0 0 0 0 0 0 0 0 0 0 0 0 0 0 0 0 0 0 0 0 0 0 0 0 ]
[ 0 0 0 0 0 0 0 0 0 0 0 0 0 0 0 0 0 0 0 0 0 0 0 0 0 0 0 0 0 0 ]
[ 0 0 0 0 0 0 0 0 0 0 0 0 0 0 0 0 0 0 0 0 0 0 0 0 0 0 0 0 0 0 ]
[ 0 0 0 0 0 0 0 0 0 0 0 0 0 0 0 0 0 0 0 0 0 0 0 0 0 0 0 0 0 1 ]
[ 0 0 0 0 0 0 0 0 0 0 0 0 0 0 0 0 0 0 0 0 0 0 0 0 0 0 0 0 0 0 ]
[ 0 0 0 0 0 0 0 0 0 0 0 0 0 0 0 0 0 0 0 0 0 0 0 0 0 0 0 0 0 0 ]
[ 0 0 0 0 0 0 0 0 0 0 0 0 0 0 0 0 0 0 0 0 0 0 0 0 0 0 0 0 0 0 ]
[ 0 0 0 0 0 0 0 0 0 0 0 0 0 0 0 0 0 0 0 0 0 0 0 0 0 0 0 0 0 0 ]
[ 0 0 0 0 0 0 0 0 0 0 0 0 0 0 0 0 0 0 0 0 0 0 0 0 0 0 0 0 0 0 ]
[ 0 0 0 0 0 0 0 0 0 0 0 0 0 0 0 0 0 0 0 0 0 0 0 0 0 0 0 0 0 0 ]
[ 0 0 0 0 0 0 0 0 0 0 0 0 0 0 0 0 0 0 0 0 0 0 0 0 0 0 0 0 0 0 ]
[ 0 0 0 0 0 0 0 0 0 0 0 0 0 0 0 0 0 0 0 0 0 0 0 0 0 0 0 0 0 0 ]
[ 0 0 0 0 0 0 0 0 0 0 0 0 0 0 0 0 0 0 0 0 0 0 0 0 0 0 0 0 0 0 ]
[ 0 0 0 0 0 0 0 0 0 0 0 0 0 0 0 0 0 0 0 0 0 0 0 0 0 0 0 0 0 0 ]
[ 0 0 0 0 0 0 0 0 0 0 0 0 0 0 0 0 0 0 0 0 0 0 0 0 0 0 0 0 0 0 ]
[ 0 0 0 0 0 0 0 0 0 0 0 0 0 0 0 0 0 0 0 0 0 0 0 0 0 0 0 0 0 0 ]
[ 0 0 0 0 0 0 0 0 0 0 0 0 0 0 0 0 0 0 0 0 0 0 0 0 0 0 0 0 0 0 ]

Paramètres
Tinit = 1000
phi =0.8
Kmax = 50
r = 50
Itération = 0
Temperature = 1000
Temps de l'éxecution = 4
Meileure solution trouvée jusqu'à présent = 2
Quotient de la meilleure solution trouvee = 2.05
Itération = 1
Temperature = 800
Temps de l'éxecution = 4
Meileure solution trouvée jusqu'à présent = 2
Quotient de la meilleure solution trouvee = 2.05
Temps d'éxécution total = 8
[ 0 0 0 0 0 0 0 0 0 0 0 0 0 0 0 0 0 0 0 0 0 0 0 0 0 0 0 0 0 0 ]
[ 0 0 0 0 0 0 0 0 0 0 0 0 0 0 0 0 0 0 0 0 0 0 0 0 0 0 0 0 0 0 ]
[ 0 0 0 0 0 0 0 0 0 0 0 0 0 0 0 0 0 0 0 0 0 0 0 0 0 0 0 0 0 0 ]
[ 0 0 0 0 0 0 0 0 0 0 0 0 0 0 0 0 0 0 0 0 0 0 0 0 0 0 0 0 0 0 ]
[ 0 0 0 0 0 0 0 0 0 0 0 0 0 0 0 0 0 0 0 0 0 0 0 0 0 0 0 0 0 0 ]
[ 0 0 0 0 0 0 0 0 0 0 0 0 0 0 0 0 0 0 0 0 0 0 0 0 0 0 0 0 0 0 ]
[ 0 0 0 0 0 0 0 0 0 0 0 0 0 0 0 0 0 0 0 0 0 0 0 0 0 0 0 0 0 0 ]
[ 0 0 0 0 0 0 0 0 0 0 0 0 0 0 0 0 0 0 0 0 0 0 0 0 0 0 0 0 0 0 ]
[ 0 0 0 0 0 0 0 0 0 0 0 0 0 0 0 0 0 0 0 0 0 0 0 0 0 0 0 0 0 0 ]
[ 0 0 0 0 0 0 0 0 0 0 0 0 0 0 0 0 0 0 0 0 0 0 0 0 0 0 0 0 0 0 ]
[ 0 0 0 0 0 0 0 0 0 0 0 0 0 0 0 0 0 0 0 0 0 0 0 0 0 0 0 0 0 1 ]
[ 0 0 0 0 0 0 0 0 0 0 0 0 0 0 0 0 0 0 0 0 0 0 0 0 0 0 0 0 0 1 ]
[ 0 0 0 0 0 0 0 0 0 0 0 0 0 0 0 0 0 0 0 0 0 0 0 0 0 0 0 0 0 0 ]
[ 0 0 0 0 0 0 0 0 0 0 0 0 0 0 0 0 0 0 0 0 0 0 0 0 0 0 0 0 0 0 ]
[ 0 0 0 0 0 0 0 0 0 0 0 0 0 0 0 0 0 0 0 0 0 0 0 0 0 0 0 0 0 0 ]
[ 0 0 0 0 0 0 0 0 0 0 0 0 0 0 0 0 0 0 0 0 0 0 0 0 0 0 0 0 0 0 ]
[ 0 0 0 0 0 0 0 0 0 0 0 0 0 0 0 0 0 0 0 0 0 0 0 0 0 0 0 0 0 0 ]
[ 0 0 0 0 0 0 0 0 0 0 0 0 0 0 0 0 0 0 0 0 0 0 0 0 0 0 0 0 0 0 ]
[ 0 0 0 0 0 0 0 0 0 0 0 0 0 0 0 0 0 0 0 0 0 0 0 0 0 0 0 0 0 0 ]
[ 0 0 0 0 0 0 0 0 0 0 0 0 0 0 0 0 0 0 0 0 0 0 0 0 0 0 0 0 0 0 ]
[ 0 0 0 0 0 0 0 0 0 0 0 0 0 0 0 0 0 0 0 0 0 0 0 0 0 0 0 0 0 0 ]
[ 0 0 0 0 0 0 0 0 0 0 0 0 0 0 0 0 0 0 0 0 0 0 0 0 0 0 0 0 0 0 ]
[ 0 0 0 0 0 0 0 0 0 0 0 0 0 0 0 0 0 0 0 0 0 0 0 0 0 0 0 0 0 0 ]
[ 0 0 0 0 0 0 0 0 0 0 0 0 0 0 0 0 0 0 0 0 0 0 0 0 0 0 0 0 0 0 ]
[ 0 0 0 0 0 0 0 0 0 0 0 0 0 0 0 0 0 0 0 0 0 0 0 0 0 0 0 0 0 0 ]

valeur 2
quotient 2.05
