n=30/nm=25/n[ 0 0 0.56 0.56 0.56 0.56 0.56 0.56 0.56 0.56 0.86 0.86 0.86 0.86 0.86 0.86 0.86 0.86 0.86 0.86 0.86 0.86 0.86 0.86 1.3 1.3 1.3 1.3 1.3 1.3 ]
[ 0 0 0.56 0.56 0.56 0.56 0.56 0.56 0.56 0.56 0.86 0.86 0.86 0.86 0.86 0.86 0.86 0.86 0.86 0.86 0.86 0.86 0.86 0.86 1.3 1.3 1.3 1.3 1.3 1.3 ]
[ 0 0 0.56 0.56 0.56 0.56 0.56 0.56 0.56 0.56 0.86 0.86 0.86 0.86 0.86 0.86 0.86 0.86 0.86 0.86 0.86 0.86 0.86 0.86 1.3 1.3 1.3 1.3 1.3 1.3 ]
[ 0 0 0.56 0.56 0.56 0.56 0.56 0.56 0.56 0.56 0.86 0.86 0.86 0.86 0.86 0.86 0.86 0.86 0.86 0.86 0.86 0.86 0.86 0.86 1.3 1.3 1.3 1.3 1.3 1.3 ]
[ 0 0 0.56 0.56 0.56 0.56 0.56 0.56 0.56 0.56 0.86 0.86 0.86 0.86 0.86 0.86 0.86 0.86 0.86 0.86 0.86 0.86 0.86 0.86 1.3 1.3 1.3 1.3 1.3 1.3 ]
[ 0 0 0.56 0.56 0.56 0.56 0.56 0.56 0.56 0.56 0.86 0.86 0.56 0.56 0.56 0.56 0.56 0.56 0.56 0.56 0.56 0.86 0.86 0.86 1.3 1.3 1.3 1.3 1.3 1.3 ]
[ 0 0 0.56 0.56 0.56 0.56 0.56 0.56 0.56 0.56 0.86 0.86 0.56 0.56 0.56 0.56 0.56 0.56 0.56 0.56 0.56 0.86 0.86 0.86 1.3 1.3 1.3 1.3 1.3 1.3 ]
[ 0 0 0.56 0.56 0.56 0.56 0.56 0.56 0.56 0.56 0.86 0.86 0.56 0.56 0.56 0.56 0.56 0.56 0.56 0.56 0.56 0.86 0.86 0.86 1.3 1.3 1.3 1.3 1.3 1.3 ]
[ 0 0 0.56 0.56 0.56 0.56 0.56 0.56 0.56 0.56 0.86 0.86 0.86 0.86 0.86 0.86 0.86 0.86 0.86 0.86 0.86 0.86 0.86 0.86 1.3 1.3 1.3 1.3 1.3 1.3 ]
[ 0 0 0.56 0.56 0.56 0.56 0.56 0.56 0.56 0.56 0.86 0.86 0.86 0.86 0.86 0.86 0.86 0.86 0.86 0.86 0.86 0.86 0.86 0.86 1.3 1.3 1.3 1.3 1.3 1.3 ]
[ 0 0 0.56 0.56 0.56 0.56 0.56 0.56 0.56 0.56 0.86 0.86 0.86 0.86 0.86 0.86 0.86 0.86 0.86 0.86 0.86 0.86 0.86 0.86 1.3 1.3 1.3 1.3 1.3 1.3 ]
[ 0 0 0.56 0.56 0.56 0.56 0.56 0.56 0.56 0.56 0.86 0.86 0.86 0.86 0.86 0.86 0.86 0.86 0.86 0.86 0.86 0.86 0.86 0.86 0.86 0.86 0.86 0.86 0.86 0.86 ]
[ 0 0 0.56 0.56 0.56 0.56 0.56 0.56 0.56 0.56 0.86 0.86 0.86 0.86 0.86 0.86 0.86 0.86 0.86 0.86 0.86 0.86 0.86 0.86 0.86 0.86 0.86 0.86 0.86 0.86 ]
[ 0 0 0.56 0.56 0.56 0.56 0.56 0.56 0.56 0.56 0.86 0.86 0.86 0.86 0.86 0.86 0.86 0.86 0.86 0.86 0.86 0.86 0.86 0.86 0.86 0.86 0.86 0.86 0.86 0.86 ]
[ 0 0 0.56 0.56 0.56 0.56 0.56 0.56 0.56 0.56 0.86 0.86 0.86 0.86 0.86 0.86 0.86 0.86 0.86 0.86 0.86 0.86 0.86 0.86 0.86 0.86 0.86 0.86 0.86 0.86 ]
[ 0.054 0.054 0.054 0.054 0.054 0.054 0.054 0.054 0.054 0.054 0.054 0.054 0.054 0.054 0.86 0.86 0.86 0.86 0.86 0.86 0.86 0.86 0.86 0.86 0.86 0.86 0.86 0.86 0.86 0.86 ]
[ 0.054 0.054 0.054 0.054 0.054 0.054 0.054 0.054 0.054 0.054 0.054 0.054 0.054 0.054 0.86 0.86 0.86 0.86 0.86 0.86 0.86 0.86 0.86 0.86 0.86 0.86 0.86 0.86 0.86 0.86 ]
[ 0.054 0.054 0.054 0.054 0.054 0.054 0.054 0.054 0.054 0.054 0.054 0.054 0.054 0.054 0.86 0.86 0.86 0.86 0.86 0.86 0.86 0.86 0.86 0.86 0.86 0.86 0.86 0.86 0.86 0.86 ]
[ 0.054 0.054 0.054 0.054 0.054 0.054 0.054 0.054 0.054 0.054 0.054 0.054 0.054 0.054 0.86 0.86 0.86 0.86 0.86 0.86 0.86 0.86 0.86 0.86 0.86 0.86 0.86 0.86 0.86 0.86 ]
[ 0.054 0.054 0.054 0.054 0.054 0.054 0.054 0.054 0.054 0.054 0.054 0.054 0.054 0.054 0.86 0.86 0.86 0.86 0.86 0.86 0.86 0.86 0.86 0.86 0.86 0.86 0.86 0.86 0.86 0.86 ]
[ 0.054 0.054 0.054 0.054 0.054 0.054 0.054 0.054 0.054 0.054 0.054 0.054 0.054 0.054 0.86 0.86 0.86 0.86 0.86 0.86 0.86 0.86 0.86 0.86 0.86 0.86 0.86 0.86 0.86 0.86 ]
[ 0.054 0.054 0.054 0.054 0.054 0.054 0.054 0.054 0.054 0.054 0.054 0.054 0.054 0.054 0 0 0 0 0 0 0 0 0 0 0 0 0 0 0 0 ]
[ 0.054 4.3 4.3 4.3 4.3 4.3 4.3 4.3 4.3 4.3 0.054 0.054 0.054 0.054 0 0 0 0 0 0 0 0 0 0 0 0 0 0 0 0 ]
[ 0.054 4.3 4.3 4.3 4.3 4.3 4.3 4.3 4.3 4.3 0.054 0.054 0.054 0.054 0 0 0 0 0 0 0 0 0 0 0 0 0 0 0 0 ]
[ 0.054 4.3 4.3 4.3 4.3 4.3 4.3 4.3 4.3 4.3 0.054 0.054 0.054 0.054 0 0 0 0 0 0 0 0 0 0 0 0 0 0 0 0 ]

[ 0 0 0.62 0.62 0.62 0.62 0.62 0.62 0.62 0.62 0.56 0.56 0.56 0.56 0.56 0.56 0.56 0.56 0.56 0.56 0.56 0.56 0.56 0.56 0.5 0.5 0.5 0.5 0.5 0.5 ]
[ 0 0 0.62 0.62 0.62 0.62 0.62 0.62 0.62 0.62 0.56 0.56 0.56 0.56 0.56 0.56 0.56 0.56 0.56 0.56 0.56 0.56 0.56 0.56 0.5 0.5 0.5 0.5 0.5 0.5 ]
[ 0 0 0.62 0.62 0.62 0.62 0.62 0.62 0.62 0.62 0.56 0.56 0.56 0.56 0.56 0.56 0.56 0.56 0.56 0.56 0.56 0.56 0.56 0.56 0.5 0.5 0.5 0.5 0.5 0.5 ]
[ 0 0 0.62 0.62 0.62 0.62 0.62 0.62 0.62 0.62 0.56 0.56 0.56 0.56 0.56 0.56 0.56 0.56 0.56 0.56 0.56 0.56 0.56 0.56 0.5 0.5 0.5 0.5 0.5 0.5 ]
[ 0 0 0.62 0.62 0.62 0.62 0.62 0.62 0.62 0.62 0.56 0.56 0.56 0.56 0.56 0.56 0.56 0.56 0.56 0.56 0.56 0.56 0.56 0.56 0.5 0.5 0.5 0.5 0.5 0.5 ]
[ 0 0 0.62 0.62 0.62 0.62 0.62 0.62 0.62 0.62 0.56 0.56 0.62 0.62 0.62 0.62 0.62 0.62 0.62 0.62 0.62 0.56 0.56 0.56 0.5 0.5 0.5 0.5 0.5 0.5 ]
[ 0 0 0.62 0.62 0.62 0.62 0.62 0.62 0.62 0.62 0.56 0.56 0.62 0.62 0.62 0.62 0.62 0.62 0.62 0.62 0.62 0.56 0.56 0.56 0.5 0.5 0.5 0.5 0.5 0.5 ]
[ 0 0 0.62 0.62 0.62 0.62 0.62 0.62 0.62 0.62 0.56 0.56 0.62 0.62 0.62 0.62 0.62 0.62 0.62 0.62 0.62 0.56 0.56 0.56 0.5 0.5 0.5 0.5 0.5 0.5 ]
[ 0 0 0.62 0.62 0.62 0.62 0.62 0.62 0.62 0.62 0.56 0.56 0.56 0.56 0.56 0.56 0.56 0.56 0.56 0.56 0.56 0.56 0.56 0.56 0.5 0.5 0.5 0.5 0.5 0.5 ]
[ 0 0 0.62 0.62 0.62 0.62 0.62 0.62 0.62 0.62 0.56 0.56 0.56 0.56 0.56 0.56 0.56 0.56 0.56 0.56 0.56 0.56 0.56 0.56 0.5 0.5 0.5 0.5 0.5 0.5 ]
[ 0 0 0.62 0.62 0.62 0.62 0.62 0.62 0.62 0.62 0.56 0.56 0.56 0.56 0.56 0.56 0.56 0.56 0.56 0.56 0.56 0.56 0.56 0.56 0.5 0.5 0.5 0.5 0.5 0.5 ]
[ 0 0 0.62 0.62 0.62 0.62 0.62 0.62 0.62 0.62 0.56 0.56 0.56 0.56 0.56 0.56 0.56 0.56 0.56 0.56 0.56 0.56 0.56 0.56 0.56 0.56 0.56 0.56 0.56 0.56 ]
[ 0 0 0.62 0.62 0.62 0.62 0.62 0.62 0.62 0.62 0.56 0.56 0.56 0.56 0.56 0.56 0.56 0.56 0.56 0.56 0.56 0.56 0.56 0.56 0.56 0.56 0.56 0.56 0.56 0.56 ]
[ 0 0 0.62 0.62 0.62 0.62 0.62 0.62 0.62 0.62 0.56 0.56 0.56 0.56 0.56 0.56 0.56 0.56 0.56 0.56 0.56 0.56 0.56 0.56 0.56 0.56 0.56 0.56 0.56 0.56 ]
[ 0 0 0.62 0.62 0.62 0.62 0.62 0.62 0.62 0.62 0.56 0.56 0.56 0.56 0.56 0.56 0.56 0.56 0.56 0.56 0.56 0.56 0.56 0.56 0.56 0.56 0.56 0.56 0.56 0.56 ]
[ 0.72 0.72 0.72 0.72 0.72 0.72 0.72 0.72 0.72 0.72 0.72 0.72 0.72 0.72 0.56 0.56 0.56 0.56 0.56 0.56 0.56 0.56 0.56 0.56 0.56 0.56 0.56 0.56 0.56 0.56 ]
[ 0.72 0.72 0.72 0.72 0.72 0.72 0.72 0.72 0.72 0.72 0.72 0.72 0.72 0.72 0.56 0.56 0.56 0.56 0.56 0.56 0.56 0.56 0.56 0.56 0.56 0.56 0.56 0.56 0.56 0.56 ]
[ 0.72 0.72 0.72 0.72 0.72 0.72 0.72 0.72 0.72 0.72 0.72 0.72 0.72 0.72 0.56 0.56 0.56 0.56 0.56 0.56 0.56 0.56 0.56 0.56 0.56 0.56 0.56 0.56 0.56 0.56 ]
[ 0.72 0.72 0.72 0.72 0.72 0.72 0.72 0.72 0.72 0.72 0.72 0.72 0.72 0.72 0.56 0.56 0.56 0.56 0.56 0.56 0.56 0.56 0.56 0.56 0.56 0.56 0.56 0.56 0.56 0.56 ]
[ 0.72 0.72 0.72 0.72 0.72 0.72 0.72 0.72 0.72 0.72 0.72 0.72 0.72 0.72 0.56 0.56 0.56 0.56 0.56 0.56 0.56 0.56 0.56 0.56 0.56 0.56 0.56 0.56 0.56 0.56 ]
[ 0.72 0.72 0.72 0.72 0.72 0.72 0.72 0.72 0.72 0.72 0.72 0.72 0.72 0.72 0.56 0.56 0.56 0.56 0.56 0.56 0.56 0.56 0.56 0.56 0.56 0.56 0.56 0.56 0.56 0.56 ]
[ 0.72 0.72 0.72 0.72 0.72 0.72 0.72 0.72 0.72 0.72 0.72 0.72 0.72 0.72 0 0 0 0 0 0 0 0 0 0 0 0 0 0 0 0 ]
[ 0.72 0.3 0.3 0.3 0.3 0.3 0.3 0.3 0.3 0.3 0.72 0.72 0.72 0.72 0 0 0 0 0 0 0 0 0 0 0 0 0 0 0 0 ]
[ 0.72 0.3 0.3 0.3 0.3 0.3 0.3 0.3 0.3 0.3 0.72 0.72 0.72 0.72 0 0 0 0 0 0 0 0 0 0 0 0 0 0 0 0 ]
[ 0.72 0.3 0.3 0.3 0.3 0.3 0.3 0.3 0.3 0.3 0.72 0.72 0.72 0.72 0 0 0 0 0 0 0 0 0 0 0 0 0 0 0 0 ]

[ 0 0 0.2 0.2 0.2 0.2 0.2 0.2 0.2 0.2 0.2 0.2 0.2 0.2 0.2 0.2 0.2 0.2 0.2 0.2 0.2 0.2 0.2 0.2 1 1 1 1 1 1 ]
[ 0 0 0.2 0.2 0.2 0.2 0.2 0.2 0.2 0.2 0.2 0.2 0.2 0.2 0.2 0.2 0.2 0.2 0.2 0.2 0.2 0.2 0.2 0.2 1 1 1 1 1 1 ]
[ 0 0 0.2 0.2 0.2 0.2 0.2 0.2 0.2 0.2 0.2 0.2 0.2 0.2 0.2 0.2 0.2 0.2 0.2 0.2 0.2 0.2 0.2 0.2 1 1 1 1 1 1 ]
[ 0 0 0.2 0.2 0.2 0.2 0.2 0.2 0.2 0.2 0.2 0.2 0.2 0.2 0.2 0.2 0.2 0.2 0.2 0.2 0.2 0.2 0.2 0.2 1 1 1 1 1 1 ]
[ 0 0 0.2 0.2 0.2 0.2 0.2 0.2 0.2 0.2 0.2 0.2 0.2 0.2 0.2 0.2 0.2 0.2 0.2 0.2 0.2 0.2 0.2 0.2 1 1 1 1 1 1 ]
[ 0 0 0.2 0.2 0.2 0.2 0.2 0.2 0.2 0.2 0.2 0.2 1 1 1 1 1 1 1 1 1 0.2 0.2 0.2 1 1 1 1 1 1 ]
[ 0 0 0.2 0.2 0.2 0.2 0.2 0.2 0.2 0.2 0.2 0.2 1 1 1 1 1 1 1 1 1 0.2 0.2 0.2 1 1 1 1 1 1 ]
[ 0 0 0.2 0.2 0.2 0.2 0.2 0.2 0.2 0.2 0.2 0.2 1 1 1 1 1 1 1 1 1 0.2 0.2 0.2 1 1 1 1 1 1 ]
[ 0 0 0.2 0.2 0.2 0.2 0.2 0.2 0.2 0.2 0.2 0.2 0.2 0.2 0.2 0.2 0.2 0.2 0.2 0.2 0.2 0.2 0.2 0.2 1 1 1 1 1 1 ]
[ 0 0 0.2 0.2 0.2 0.2 0.2 0.2 0.2 0.2 0.2 0.2 0.2 0.2 0.2 0.2 0.2 0.2 0.2 0.2 0.2 0.2 0.2 0.2 1 1 1 1 1 1 ]
[ 0 0 0.2 0.2 0.2 0.2 0.2 0.2 0.2 0.2 0.2 0.2 0.2 0.2 0.2 0.2 0.2 0.2 0.2 0.2 0.2 0.2 0.2 0.2 1 1 1 1 1 1 ]
[ 0 0 0.2 0.2 0.2 0.2 0.2 0.2 0.2 0.2 0.2 0.2 0.2 0.2 0.2 0.2 0.2 0.2 0.2 0.2 0.2 0.2 0.2 0.2 0.2 0.2 0.2 0.2 0.2 0.2 ]
[ 0 0 0.2 0.2 0.2 0.2 0.2 0.2 0.2 0.2 0.2 0.2 0.2 0.2 0.2 0.2 0.2 0.2 0.2 0.2 0.2 0.2 0.2 0.2 0.2 0.2 0.2 0.2 0.2 0.2 ]
[ 0 0 0.2 0.2 0.2 0.2 0.2 0.2 0.2 0.2 0.2 0.2 0.2 0.2 0.2 0.2 0.2 0.2 0.2 0.2 0.2 0.2 0.2 0.2 0.2 0.2 0.2 0.2 0.2 0.2 ]
[ 0 0 0.2 0.2 0.2 0.2 0.2 0.2 0.2 0.2 0.2 0.2 0.2 0.2 0.2 0.2 0.2 0.2 0.2 0.2 0.2 0.2 0.2 0.2 0.2 0.2 0.2 0.2 0.2 0.2 ]
[ 0.2 0.2 0.2 0.2 0.2 0.2 0.2 0.2 0.2 0.2 0.2 0.2 0.2 0.2 0.2 0.2 0.2 0.2 0.2 0.2 0.2 0.2 0.2 0.2 0.2 0.2 0.2 0.2 0.2 0.2 ]
[ 0.2 0.2 0.2 0.2 0.2 0.2 0.2 0.2 0.2 0.2 0.2 0.2 0.2 0.2 0.2 0.2 0.2 0.2 0.2 0.2 0.2 0.2 0.2 0.2 0.2 0.2 0.2 0.2 0.2 0.2 ]
[ 0.2 0.2 0.2 0.2 0.2 0.2 0.2 0.2 0.2 0.2 0.2 0.2 0.2 0.2 0.2 0.2 0.2 0.2 0.2 0.2 0.2 0.2 0.2 0.2 0.2 0.2 0.2 0.2 0.2 0.2 ]
[ 0.2 0.2 0.2 0.2 0.2 0.2 0.2 0.2 0.2 0.2 0.2 0.2 0.2 0.2 0.2 0.2 0.2 0.2 0.2 0.2 0.2 0.2 0.2 0.2 0.2 0.2 0.2 0.2 0.2 0.2 ]
[ 0.2 0.2 0.2 0.2 0.2 0.2 0.2 0.2 0.2 0.2 0.2 0.2 0.2 0.2 0.2 0.2 0.2 0.2 0.2 0.2 0.2 0.2 0.2 0.2 0.2 0.2 0.2 0.2 0.2 0.2 ]
[ 0.2 0.2 0.2 0.2 0.2 0.2 0.2 0.2 0.2 0.2 0.2 0.2 0.2 0.2 0.2 0.2 0.2 0.2 0.2 0.2 0.2 0.2 0.2 0.2 0.2 0.2 0.2 0.2 0.2 0.2 ]
[ 0.2 0.2 0.2 0.2 0.2 0.2 0.2 0.2 0.2 0.2 0.2 0.2 0.2 0.2 0 0 0 0 0 0 0 0 0 0 0 0 0 0 0 0 ]
[ 0.2 2 2 2 2 2 2 2 2 2 0.2 0.2 0.2 0.2 0 0 0 0 0 0 0 0 0 0 0 0 0 0 0 0 ]
[ 0.2 2 2 2 2 2 2 2 2 2 0.2 0.2 0.2 0.2 0 0 0 0 0 0 0 0 0 0 0 0 0 0 0 0 ]
[ 0.2 2 2 2 2 2 2 2 2 2 0.2 0.2 0.2 0.2 0 0 0 0 0 0 0 0 0 0 0 0 0 0 0 0 ]

[ 0 0 0.62 0.62 0.62 0.62 0.62 0.62 0.62 0.62 0.56 0.56 0.56 0.56 0.56 0.56 0.56 0.56 0.56 0.56 0.56 0.56 0.56 0.56 0.5 0.5 0.5 0.5 0.5 0.5 ]
[ 0 0 0.62 0.62 0.62 0.62 0.62 0.62 0.62 0.62 0.56 0.56 0.56 0.56 0.56 0.56 0.56 0.56 0.56 0.56 0.56 0.56 0.56 0.56 0.5 0.5 0.5 0.5 0.5 0.5 ]
[ 0 0 0.62 0.62 0.62 0.62 0.62 0.62 0.62 0.62 0.56 0.56 0.56 0.56 0.56 0.56 0.56 0.56 0.56 0.56 0.56 0.56 0.56 0.56 0.5 0.5 0.5 0.5 0.5 0.5 ]
[ 0 0 0.62 0.62 0.62 0.62 0.62 0.62 0.62 0.62 0.56 0.56 0.56 0.56 0.56 0.56 0.56 0.56 0.56 0.56 0.56 0.56 0.56 0.56 0.5 0.5 0.5 0.5 0.5 0.5 ]
[ 0 0 0.62 0.62 0.62 0.62 0.62 0.62 0.62 0.62 0.56 0.56 0.56 0.56 0.56 0.56 0.56 0.56 0.56 0.56 0.56 0.56 0.56 0.56 0.5 0.5 0.5 0.5 0.5 0.5 ]
[ 0 0 0.62 0.62 0.62 0.62 0.62 0.62 0.62 0.62 0.56 0.56 0.62 0.62 0.62 0.62 0.62 0.62 0.62 0.62 0.62 0.56 0.56 0.56 0.5 0.5 0.5 0.5 0.5 0.5 ]
[ 0 0 0.62 0.62 0.62 0.62 0.62 0.62 0.62 0.62 0.56 0.56 0.62 0.62 0.62 0.62 0.62 0.62 0.62 0.62 0.62 0.56 0.56 0.56 0.5 0.5 0.5 0.5 0.5 0.5 ]
[ 0 0 0.62 0.62 0.62 0.62 0.62 0.62 0.62 0.62 0.56 0.56 0.62 0.62 0.62 0.62 0.62 0.62 0.62 0.62 0.62 0.56 0.56 0.56 0.5 0.5 0.5 0.5 0.5 0.5 ]
[ 0 0 0.62 0.62 0.62 0.62 0.62 0.62 0.62 0.62 0.56 0.56 0.56 0.56 0.56 0.56 0.56 0.56 0.56 0.56 0.56 0.56 0.56 0.56 0.5 0.5 0.5 0.5 0.5 0.5 ]
[ 0 0 0.62 0.62 0.62 0.62 0.62 0.62 0.62 0.62 0.56 0.56 0.56 0.56 0.56 0.56 0.56 0.56 0.56 0.56 0.56 0.56 0.56 0.56 0.5 0.5 0.5 0.5 0.5 0.5 ]
[ 0 0 0.62 0.62 0.62 0.62 0.62 0.62 0.62 0.62 0.56 0.56 0.56 0.56 0.56 0.56 0.56 0.56 0.56 0.56 0.56 0.56 0.56 0.56 0.5 0.5 0.5 0.5 0.5 0.5 ]
[ 0 0 0.62 0.62 0.62 0.62 0.62 0.62 0.62 0.62 0.56 0.56 0.56 0.56 0.56 0.56 0.56 0.56 0.56 0.56 0.56 0.56 0.56 0.56 0.56 0.56 0.56 0.56 0.56 0.56 ]
[ 0 0 0.62 0.62 0.62 0.62 0.62 0.62 0.62 0.62 0.56 0.56 0.56 0.56 0.56 0.56 0.56 0.56 0.56 0.56 0.56 0.56 0.56 0.56 0.56 0.56 0.56 0.56 0.56 0.56 ]
[ 0 0 0.62 0.62 0.62 0.62 0.62 0.62 0.62 0.62 0.56 0.56 0.56 0.56 0.56 0.56 0.56 0.56 0.56 0.56 0.56 0.56 0.56 0.56 0.56 0.56 0.56 0.56 0.56 0.56 ]
[ 0 0 0.62 0.62 0.62 0.62 0.62 0.62 0.62 0.62 0.56 0.56 0.56 0.56 0.56 0.56 0.56 0.56 0.56 0.56 0.56 0.56 0.56 0.56 0.56 0.56 0.56 0.56 0.56 0.56 ]
[ 0.72 0.72 0.72 0.72 0.72 0.72 0.72 0.72 0.72 0.72 0.72 0.72 0.72 0.72 0.56 0.56 0.56 0.56 0.56 0.56 0.56 0.56 0.56 0.56 0.56 0.56 0.56 0.56 0.56 0.56 ]
[ 0.72 0.72 0.72 0.72 0.72 0.72 0.72 0.72 0.72 0.72 0.72 0.72 0.72 0.72 0.56 0.56 0.56 0.56 0.56 0.56 0.56 0.56 0.56 0.56 0.56 0.56 0.56 0.56 0.56 0.56 ]
[ 0.72 0.72 0.72 0.72 0.72 0.72 0.72 0.72 0.72 0.72 0.72 0.72 0.72 0.72 0.56 0.56 0.56 0.56 0.56 0.56 0.56 0.56 0.56 0.56 0.56 0.56 0.56 0.56 0.56 0.56 ]
[ 0.72 0.72 0.72 0.72 0.72 0.72 0.72 0.72 0.72 0.72 0.72 0.72 0.72 0.72 0.56 0.56 0.56 0.56 0.56 0.56 0.56 0.56 0.56 0.56 0.56 0.56 0.56 0.56 0.56 0.56 ]
[ 0.72 0.72 0.72 0.72 0.72 0.72 0.72 0.72 0.72 0.72 0.72 0.72 0.72 0.72 0.56 0.56 0.56 0.56 0.56 0.56 0.56 0.56 0.56 0.56 0.56 0.56 0.56 0.56 0.56 0.56 ]
[ 0.72 0.72 0.72 0.72 0.72 0.72 0.72 0.72 0.72 0.72 0.72 0.72 0.72 0.72 0.56 0.56 0.56 0.56 0.56 0.56 0.56 0.56 0.56 0.56 0.56 0.56 0.56 0.56 0.56 0.56 ]
[ 0.72 0.72 0.72 0.72 0.72 0.72 0.72 0.72 0.72 0.72 0.72 0.72 0.72 0.72 0 0 0 0 0 0 0 0 0 0 0 0 0 0 0 0 ]
[ 0.72 0.3 0.3 0.3 0.3 0.3 0.3 0.3 0.3 0.3 0.72 0.72 0.72 0.72 0 0 0 0 0 0 0 0 0 0 0 0 0 0 0 0 ]
[ 0.72 0.3 0.3 0.3 0.3 0.3 0.3 0.3 0.3 0.3 0.72 0.72 0.72 0.72 0 0 0 0 0 0 0 0 0 0 0 0 0 0 0 0 ]
[ 0.72 0.3 0.3 0.3 0.3 0.3 0.3 0.3 0.3 0.3 0.72 0.72 0.72 0.72 0 0 0 0 0 0 0 0 0 0 0 0 0 0 0 0 ]

quotient solution initiale: 6.3
solution initiale admissible
[ 0 0 0 0 0 0 0 0 0 0 0 0 0 0 0 0 0 0 0 0 0 0 0 0 0 0 0 0 0 0 ]
[ 0 0 0 0 0 0 0 0 0 0 0 0 0 0 0 0 0 0 0 0 0 0 0 0 0 0 0 0 0 0 ]
[ 0 0 0 0 0 0 0 0 0 0 0 0 0 0 0 0 0 0 0 0 0 0 0 0 0 0 0 0 0 0 ]
[ 0 0 0 0 0 0 0 0 0 0 0 0 0 0 0 0 0 0 0 0 0 0 0 0 0 0 0 0 0 0 ]
[ 0 0 0 0 0 0 0 0 0 0 0 0 0 0 0 0 0 0 0 0 0 0 0 0 0 0 0 0 0 0 ]
[ 0 0 0 0 0 0 0 0 0 0 0 0 0 0 0 0 0 0 0 0 0 0 0 0 0 0 0 0 0 0 ]
[ 0 0 0 0 0 0 0 0 0 0 0 0 0 0 0 0 0 0 0 0 0 0 0 0 0 0 0 0 0 0 ]
[ 0 0 0 0 0 0 0 0 0 0 0 0 0 0 0 0 0 0 0 0 0 0 0 0 0 0 0 0 0 0 ]
[ 0 0 0 0 0 0 0 0 0 0 0 0 0 0 0 0 0 0 0 0 0 0 0 0 0 0 0 0 0 0 ]
[ 0 0 0 0 0 0 0 0 0 0 0 0 0 0 0 0 0 0 0 0 0 0 0 0 0 0 0 0 0 0 ]
[ 0 0 0 0 0 0 0 0 0 0 0 0 0 0 0 0 0 0 0 0 0 0 0 0 0 0 0 0 0 0 ]
[ 0 0 0 0 0 0 0 0 0 0 0 0 0 0 0 0 0 0 0 0 0 0 0 0 0 0 0 0 0 0 ]
[ 0 0 0 0 0 0 0 0 0 0 0 0 0 0 0 0 0 0 0 0 0 0 0 0 0 0 0 0 0 0 ]
[ 0 0 0 0 0 0 0 0 0 0 0 0 0 0 0 0 0 0 0 0 0 0 0 0 0 0 0 0 0 0 ]
[ 0 0 0 0 0 0 0 0 0 0 0 0 0 0 0 0 0 0 0 0 0 0 0 0 0 0 0 0 0 0 ]
[ 0 0 0 0 0 0 0 0 0 0 0 0 0 0 0 0 0 0 0 0 0 0 0 0 0 0 0 0 0 0 ]
[ 0 0 0 0 0 0 0 0 0 0 0 0 0 0 0 0 0 0 0 0 0 0 0 0 0 0 0 0 0 0 ]
[ 0 0 0 0 0 0 0 0 0 0 0 0 0 0 0 0 0 0 0 0 0 0 0 0 0 0 0 0 0 0 ]
[ 0 0 0 0 0 0 0 0 0 0 0 0 0 0 0 0 0 0 0 0 0 0 0 0 0 0 0 0 0 0 ]
[ 0 0 0 0 0 0 0 0 0 0 0 0 0 0 0 0 0 0 0 0 0 0 0 0 0 0 0 0 0 0 ]
[ 0 0 0 0 0 0 0 0 0 0 0 0 0 0 0 0 0 0 0 0 0 0 0 0 0 0 0 0 0 0 ]
[ 0 0 0 0 0 0 0 0 0 0 0 0 0 0 0 0 0 0 0 0 0 0 0 0 0 0 0 0 0 0 ]
[ 0 1 0 0 0 0 0 0 0 0 0 0 0 0 0 0 0 0 0 0 0 0 0 0 0 0 0 0 0 0 ]
[ 0 0 0 0 0 0 0 0 0 0 0 0 0 0 0 0 0 0 0 0 0 0 0 0 0 0 0 0 0 0 ]
[ 0 0 0 0 0 0 0 0 0 0 0 0 0 0 0 0 0 0 0 0 0 0 0 0 0 0 0 0 0 0 ]

Paramètres
Tinit = 1000
phi =0.8
Kmax = 50
r = 50
Itération = 0
Temperature = 1000
Temps de l'éxecution = 2
Meileure solution trouvée jusqu'à présent = 34
Quotient de la meilleure solution trouvee = 4.12015
Itération = 1
Temperature = 800
Temps de l'éxecution = 2
Meileure solution trouvée jusqu'à présent = 45
Quotient de la meilleure solution trouvee = 2.73012
Itération = 2
Temperature = 640
Temps de l'éxecution = 2
Meileure solution trouvée jusqu'à présent = 51
Quotient de la meilleure solution trouvee = 2.34301
Itération = 3
Temperature = 512
Temps de l'éxecution = 3
Meileure solution trouvée jusqu'à présent = 58
Quotient de la meilleure solution trouvee = 2.07961
Itération = 4
Temperature = 409.6
Temps de l'éxecution = 3
Meileure solution trouvée jusqu'à présent = 60
Quotient de la meilleure solution trouvee = 2.01243
Itération = 5
Temperature = 327.68
Temps de l'éxecution = 3
Meileure solution trouvée jusqu'à présent = 60
Quotient de la meilleure solution trouvee = 2.01243
Temps d'éxécution total = 15
[ 0 0 0 0 0 0 0 0 0 0 0 0 0 0 0 0 0 0 0 0 0 0 0 0 0 0 0 0 0 0 ]
[ 0 0 0 0 0 0 0 0 0 0 0 0 0 0 0 0 0 0 0 0 0 0 0 0 0 0 0 0 0 0 ]
[ 0 0 0 0 0 0 0 0 0 0 0 0 0 0 0 0 0 0 0 0 0 0 0 0 0 0 0 0 0 0 ]
[ 0 0 0 0 0 0 0 0 0 0 0 0 0 0 0 0 0 0 0 0 0 0 0 0 0 0 0 0 0 0 ]
[ 0 0 0 0 0 0 0 0 0 0 0 0 0 0 0 0 0 0 0 0 0 0 0 0 0 0 0 0 0 0 ]
[ 0 0 0 0 0 0 0 0 0 0 0 0 0 0 0 0 0 0 0 0 0 0 0 0 0 0 0 0 0 0 ]
[ 0 0 0 0 0 0 0 0 0 0 0 0 0 0 0 0 0 0 0 0 0 0 0 0 0 0 0 0 0 0 ]
[ 0 0 0 0 0 0 0 0 0 0 0 0 0 0 0 0 0 0 0 0 0 0 0 0 0 0 0 0 0 0 ]
[ 0 0 0 0 0 0 0 0 0 0 0 0 0 0 0 0 0 0 0 0 0 0 0 0 0 0 0 0 0 0 ]
[ 0 0 0 0 0 0 0 0 0 0 0 0 0 0 0 0 0 0 0 0 0 0 0 0 0 0 0 0 0 0 ]
[ 0 0 0 0 0 0 0 0 0 0 0 0 0 0 0 0 0 0 0 0 0 0 0 0 0 0 0 0 0 0 ]
[ 0 0 0 0 0 1 1 0 0 0 0 0 0 0 0 0 0 0 0 0 0 0 0 0 0 0 0 0 0 0 ]
[ 0 0 0 0 0 1 1 0 0 0 0 0 0 0 0 0 0 0 0 0 0 0 0 0 0 0 0 0 0 0 ]
[ 0 0 0 0 0 0 1 0 0 0 0 0 0 0 0 0 0 0 0 0 0 0 0 0 0 0 0 0 0 0 ]
[ 0 0 0 0 0 1 1 0 0 0 0 0 0 0 0 0 0 0 0 0 0 0 0 0 0 0 0 0 0 0 ]
[ 0 0 0 0 1 0 1 0 0 0 0 0 0 0 0 0 0 0 0 0 0 0 0 0 0 0 0 0 0 0 ]
[ 0 0 0 0 1 0 1 1 0 0 0 0 0 0 0 0 0 0 0 0 0 0 0 0 0 0 0 0 0 0 ]
[ 0 0 0 0 1 1 1 1 1 0 0 0 0 0 0 0 0 0 0 0 0 0 0 0 0 0 0 0 0 0 ]
[ 0 0 0 0 0 1 0 0 0 0 0 0 0 0 0 0 0 0 0 0 0 0 0 0 0 0 0 0 0 0 ]
[ 0 0 0 0 0 1 0 1 1 1 1 0 0 0 0 0 0 0 0 0 0 0 0 0 0 0 0 0 0 0 ]
[ 0 0 0 0 0 1 1 0 1 0 1 0 0 0 0 0 0 0 0 0 0 0 0 0 0 0 0 0 0 0 ]
[ 0 0 1 0 0 1 1 0 1 0 0 0 0 0 0 0 0 0 0 0 0 0 0 0 0 0 0 0 0 0 ]
[ 0 1 1 1 1 1 1 1 1 1 0 0 0 0 0 0 0 0 0 0 0 0 0 0 0 0 0 0 0 0 ]
[ 1 1 1 1 1 1 1 1 1 1 1 0 0 0 0 0 0 0 0 0 0 0 0 0 0 0 0 0 0 0 ]
[ 0 1 1 1 1 1 1 1 1 1 0 0 0 0 0 0 0 0 0 0 0 0 0 0 0 0 0 0 0 0 ]

valeur 60
quotient 2.01243
